0
0 1 2 0 1 2 
1
3 4 
2
0 
3
5 6 7 8 9 10 
4
11 12 13 14 15 16 17 
5
18 19 
6
20 
7
13 
8
5 21 22 
9
23 
10
24 25 26 27 28 29 
11
30 
12
31 21 
13
32 33 
14
34 35 36 37 
15
38 33 39 40 
16
41 42 43 44 45 46 47 
17
48 38 49 50 51 52 53 
18
49 54 55 56 57 58 59 60 
19
61 62 63 64 65 66 67 68 69 70 71 72 73 74 75 76 
20
77 78 79 80 81 82 83 60 
21
71 84 85 86 
22
87 88 89 
23
90 
24
91 92 93 
25
94 95 96 
26
97 
27
98 99 
28
52 38 9 100 101 102 103 104 105 13 
29
106 107 25 78 108 109 110 107 
30
111 112 113 13 
31
114 115 116 117 118 119 
32
120 121 122 114 113 118 123 124 65 113 
33
125 126 127 65 128 76 68 129 130 131 
34
132 133 134 135 136 137 138 45 139 140 64 141 
35
64 141 142 
36
143 
37
144 145 146 
38
147 45 148 149 
39
150 151 13 
40
147 45 
41
152 153 62 154 155 156 
42
157 158 159 110 
43
160 161 
44
162 
45
163 164 165 166 
46
167 
47
38 168 169 170 43 171 169 
48
172 173 174 
49
175 176 177 
50
178 179 180 181 61 182 131 
51
183 
52
184 185 
53

54
186 187 122 188 189 
55
183 190 191 192 193 191 
56
194 195 196 197 13 61 198 199 200 193 201 
57
197 13 
58
202 203 
59
131 204 205 206 207 122 
60
20 196 208 
61

62
209 210 198 
63
211 212 213 214 215 
64
216 
65
217 
66
218 219 13 220 33 221 183 222 
67
45 223 220 13 224 5 220 13 
68
225 226 227 
69
228 229 230 
70
220 229 230 
71
231 
72
232 233 234 13 
73
235 236 
74
237 238 239 122 239 240 241 
75
242 51 243 244 
76
122 245 246 247 245 248 33 76 
77
249 250 251 252 253 254 
78
255 256 13 257 258 
79
259 260 
80
261 253 
81
262 263 264 208 
82
265 266 220 267 268 33 253 
83
269 270 271 272 273 274 275 276 277 
84
278 253 279 13 
85
280 281 247 
86
232 166 282 283 183 284 285 
87
286 287 
88
98 288 
89
289 168 31 284 245 
90
290 
91
291 
92
8 29 292 259 259 293 294 295 296 98 297 298 
93
299 298 300 
94
193 301 
95
13 21 302 
96
303 304 305 131 306 307 
97
308 309 310 311 312 313 305 314 315 316 182 317 318 319 320 
98
321 272 122 322 323 110 
99
3 324 325 
100
326 327 328 329 330 131 331 
101
332 333 
102
38 334 
103
325 335 
104
336 327 38 337 338 339 340 341 342 76 
105
343 344 345 
106
346 347 
107
303 
108
334 348 170 56 13 
109
220 349 350 351 
110
308 352 353 354 334 355 356 357 
111
352 358 306 353 359 334 360 
112
361 324 11 13 362 363 364 
113
365 366 367 368 369 370 371 334 303 86 372 373 29 374 
114
324 41 322 41 375 376 377 
115
120 378 379 380 
116
24 381 382 13 
117
383 384 385 381 
118
256 13 386 387 388 389 390 
119
3 391 131 392 13 
120
393 394 
121
391 395 120 13 220 33 289 131 392 393 396 397 21 398 220 
122
399 
123
131 120 287 102 
124
400 401 
125
402 
126
403 404 405 406 
127
262 13 407 
128
408 90 409 410 411 
129
412 
130
413 235 
131
414 415 131 416 62 417 266 33 220 
132
418 122 419 420 43 287 33 421 422 423 424 244 425 312 426 
133
427 428 429 
134
406 
135
430 
136

137
431 432 
138
433 434 
139
435 436 437 438 439 13 272 440 
140
131 38 
141
441 442 65 102 166 443 
142
444 445 446 264 447 
143
448 264 449 447 444 
144
450 451 66 13 452 
145
120 13 453 454 66 13 
146
455 456 457 458 
147
459 460 461 
148
13 462 463 306 464 460 465 
149
466 
150
467 468 5 388 469 
151
470 21 464 
152
471 407 104 472 455 
153
215 13 
154
473 474 379 380 475 476 
155
477 
156
13 478 479 13 
157
264 477 5 148 480 481 
158
21 194 136 482 33 483 484 483 484 
159
13 485 61 179 455 305 
160
482 
161
486 487 
162
488 3 179 455 489 490 491 492 305 
163
493 
164
494 412 175 
165
179 455 13 
166
220 
167
131 220 495 
168
496 497 498 499 500 501 
169
489 179 455 
170
179 455 502 503 504 505 506 168 
171
477 29 507 220 
172
398 220 13 
173
299 56 
174
213 508 509 
175
510 511 
176
495 13 512 272 
177
13 29 
178
5 148 
179
3 254 513 
180
514 
181
515 516 517 
182
31 
183
98 455 213 518 13 67 519 520 521 522 523 524 525 
184
488 526 98 
185
527 528 529 530 531 532 491 533 43 491 
186
455 534 535 
187
535 184 536 
188
7 537 538 539 
189
3 220 455 13 327 
190
220 540 380 412 97 
191
541 542 543 
192
544 491 545 546 547 
193
548 549 550 551 334 179 455 552 553 
194
484 479 554 168 168 
195
555 170 245 556 
196
484 179 455 
197
557 56 558 13 
198
477 
199
98 558 378 
200
559 560 380 229 
201
365 183 
202

203
477 378 561 
204
562 563 564 565 
205
56 299 
206
3 131 566 334 170 305 
207
319 567 
208
334 568 3 
209
569 570 571 61 567 170 572 305 
210

211
178 11 512 573 574 13 378 567 334 575 576 
212
577 578 61 334 122 579 580 581 582 76 
213
583 
214
577 578 567 
215
13 170 
216
412 13 274 45 
217
584 578 585 81 
218
5 
219
13 
220
494 586 153 229 
221
196 587 588 589 590 591 592 578 122 593 380 
222
594 591 
223
595 245 170 596 
224
597 598 
225
13 599 600 498 601 
226
602 578 13 603 588 589 590 
227
604 220 13 417 310 605 229 606 
228
607 608 609 610 
229
611 612 213 303 613 614 615 616 617 
230
578 180 618 
231
455 619 618 578 
232
620 621 622 
233
623 624 625 244 626 
234
577 578 170 627 628 571 327 629 482 234 630 631 
235
541 632 633 634 635 
236
636 637 638 639 640 636 
237
641 642 643 62 135 
238
548 644 474 645 646 
239
577 647 68 648 
240
649 
241
526 
242
40 412 175 650 651 13 
243
452 652 412 13 206 653 
244
654 515 654 
245
577 578 
246
655 182 334 
247
38 13 541 
248
656 557 
249
577 578 621 622 
250
620 106 
251
459 400 
252
578 61 567 
253
657 658 305 
254
659 577 647 651 81 660 661 81 28 
255
662 663 664 213 665 
256
666 5 170 667 
257
668 669 616 13 
258
670 3 671 672 122 673 
259
674 675 676 13 379 380 378 
260
417 677 122 
261
567 509 
262
567 678 
263
679 62 680 681 682 683 
264
684 
265
131 685 324 
266
686 13 687 296 
267
688 689 578 13 690 
268
455 691 121 692 412 
269
693 
270
3 391 630 13 
271
220 220 694 695 609 696 131 697 
272
13 132 698 
273
132 699 157 
274
106 700 165 701 248 702 703 704 705 706 168 
275
707 21 708 
276
709 710 3 512 398 355 711 245 
277
3 152 272 712 713 714 715 245 716 717 159 
278
718 719 720 
279
721 
280
159 718 719 330 
281
689 
282
98 
283
265 647 630 13 245 675 722 412 175 
284

285
723 724 259 725 726 727 728 230 
286
245 400 
287
594 729 231 170 730 
288
689 
289
676 
290
637 731 732 305 38 385 
291
733 734 735 
292
736 
293
5 13 
294

295
494 737 738 547 
296
184 50 
297

298
739 740 741 742 743 738 744 
299
121 745 746 166 210 
300
115 747 748 749 
301
309 310 750 751 752 
302
753 754 
303
755 217 
304
756 
305
757 539 
306
758 759 760 669 761 762 763 764 176 765 
307
642 766 767 768 
308
8 769 770 759 760 
309
771 
310
50 772 773 774 21 213 
311

312
183 141 141 
313
775 776 237 
314
777 
315
98 778 779 
316
474 780 38 
317
781 
318
782 141 141 
319
265 783 13 
320
515 784 785 786 192 787 
321
788 789 
322
98 243 790 791 792 793 
323
794 
324
141 535 141 
325
3 795 775 
326
796 779 189 
327
33 102 769 797 33 0 
328
798 
329
799 541 542 
330
800 
331
801 802 803 
332
239 220 804 669 242 805 180 806 
333
807 
334
519 272 
335
808 809 
336
810 811 812 13 539 813 814 812 815 
337
13 
338
13 67 816 817 
339
799 818 13 129 131 819 820 199 
340
821 822 823 
341
824 722 
342
825 826 186 827 122 3 828 227 
343
378 686 829 830 
344
3 831 832 
345
833 13 834 835 220 
346
836 837 356 357 
347
39 838 98 
348
839 840 841 
349
406 282 67 842 843 844 11 282 845 845 
350
38 846 847 848 
351
849 850 851 401 852 848 853 854 229 855 856 857 858 
352
855 856 859 135 848 847 
353
229 68 860 861 465 862 862 
354
863 864 865 866 867 
355

356
272 
357
868 
358
869 
359
808 840 239 870 13 502 871 412 397 872 
360
873 874 875 263 876 
361
406 
362
877 
363
878 879 13 880 881 144 385 882 883 884 
364
885 599 886 887 
365
888 
366
239 
367
889 
368
890 
369
11 891 892 893 
370
38 894 
371
848 442 895 845 406 
372
847 
373
330 175 176 845 62 
374
896 897 406 898 717 899 900 901 649 
375
114 902 873 903 845 406 904 905 906 907 908 797 909 319 910 911 912 289 282 400 456 
376
913 914 896 915 259 916 917 918 919 114 873 
377
920 657 921 885 104 922 923 234 924 925 168 340 926 927 928 33 229 456 176 929 930 912 559 931 428 932 
378
845 933 934 902 935 936 
379
937 938 939 940 33 845 903 897 406 934 
380
918 308 941 176 779 942 943 944 945 
381
67 498 946 947 948 855 856 229 176 845 
382
902 949 53 950 67 650 650 229 941 176 779 944 385 934 
383
779 944 669 311 541 951 
384
308 779 289 239 236 952 
385
56 
386
855 856 953 114 
387
796 873 954 955 825 956 957 
388
958 959 166 855 856 960 961 962 220 963 108 
389
964 
390
855 856 965 56 845 
391
322 966 967 968 969 970 971 428 972 973 974 222 975 976 977 625 978 979 493 792 
392
60 135 227 
393
322 980 303 898 981 982 983 984 199 897 406 
394

395
985 428 132 
396
986 987 122 988 559 989 990 
397
991 992 993 994 
398
995 996 198 997 998 999 629 1000 131 3 1001 1002 1003 986 895 
399
797 909 855 856 796 
400
959 1004 131 355 222 1005 1006 839 1007 56 1008 857 858 1009 170 1010 1011 322 1012 1013 1011 41 689 13 
401
821 1014 1015 1016 857 858 
402
56 305 1017 1018 692 56 
403
1019 954 955 999 919 1020 
404

405
857 858 148 1021 56 
406
3 857 858 135 1022 846 1023 56 876 919 
407
1024 
408
13 857 858 428 1025 1026 792 892 
409
507 1027 986 245 86 398 902 1028 535 428 1025 1029 1030 855 856 
410
182 245 1031 1032 855 856 902 330 855 856 1033 1021 305 1034 941 
411
1035 1036 264 56 1037 1038 308 1039 1040 783 1041 234 962 
412
1042 1043 934 67 934 783 
413
98 855 856 986 1044 1045 1046 1047 1048 986 855 856 
414
967 848 1049 56 
415
1004 62 840 845 
416
1050 690 305 844 1051 
417
967 848 1052 1049 1053 1054 6 1055 1056 1057 
418
385 934 184 1058 986 1059 968 
419
1046 471 1015 
420
1060 986 968 
421
1061 1062 855 856 355 400 968 971 1063 1064 986 
422
968 1065 796 189 1066 1067 
423
1068 1069 1070 1071 13 1000 792 1053 165 983 98 
424
237 605 1072 104 1065 13 1073 272 887 
425
1074 
426
661 986 135 848 1075 1076 1077 855 856 135 848 1078 857 858 
427
282 855 282 986 135 848 885 84 1079 
428
3 855 1080 840 861 135 848 
429
450 39 
430
1081 1082 967 848 183 
431
1051 1083 845 848 1084 1085 1021 902 1049 1053 1086 986 1083 1087 1088 
432
1021 941 
433
471 1089 845 1090 1038 1091 701 819 182 245 941 
434
135 848 
435
855 856 848 769 1092 1093 1051 
436
1051 1094 1092 
437
1010 1011 234 406 892 986 
438
33 983 33 39 839 
439
1095 1096 1097 
440
0 1075 1098 1099 1100 1101 631 
441
33 1102 3 355 121 1103 540 
442
0 1020 289 1104 299 
443
62 289 845 1105 1106 801 1107 988 792 122 843 1108 1109 1107 1110 1111 
444
848 39 1112 1113 
445

446
1021 1114 1051 528 902 1115 1116 1117 
447
902 
448
1118 
449
839 428 1119 1113 1021 165 1113 1120 651 1121 200 
450
986 135 848 1113 1021 1112 1122 165 175 
451
1075 855 856 1123 259 
452
986 1123 1124 1125 1126 1127 86 1128 848 
453
855 856 1129 1130 1131 855 856 1132 135 848 986 130 986 1133 1134 
454
1130 1135 
455
1113 986 135 1136 1021 855 856 1137 1132 855 856 400 1112 1049 1138 
456
986 1139 25 114 1140 200 135 1141 131 1021 
457
1142 1143 1144 1145 
458
661 855 856 857 858 986 861 
459
986 934 907 937 
460
857 858 1146 892 902 892 986 1147 1127 857 858 1148 986 180 1149 892 512 928 
461
967 848 1150 1151 924 902 1152 805 
462
986 1153 892 857 858 855 856 319 967 848 1154 962 1155 
463
986 1156 1036 896 172 196 229 967 848 
464
1157 61 947 
465
986 220 355 962 1138 1158 1159 
466
855 856 857 858 967 848 903 1160 1128 962 1161 261 1155 1162 1163 1164 
467
1161 114 962 1165 986 903 1138 1166 
468
1167 1168 180 783 783 
469
204 783 1138 1169 
470
986 20 1170 229 33 1171 
471
33 
472
1167 907 986 1138 180 1167 838 1172 290 940 962 
473
541 1149 1173 855 856 857 858 1174 805 967 848 
474
612 857 858 229 1175 
475
857 858 1176 1177 967 848 194 1174 1178 
476
855 856 1030 1179 825 1180 1158 135 1181 1182 194 
477
1183 496 
478
496 196 857 858 1184 855 856 1127 
479
1185 962 855 856 10 1127 1186 10 838 867 196 1138 
480
967 848 1187 229 1156 610 148 1021 
481
855 856 74 986 1138 355 1188 962 760 1155 1022 896 892 
482
855 856 0 804 1189 1190 986 857 858 400 
483
986 934 907 782 
484
165 282 907 282 307 
485
986 1191 1127 128 855 856 967 848 
486
279 
487
1192 1193 279 
488
855 856 1194 986 1195 857 858 1196 
489
986 388 1197 5 52 855 856 1198 
490
1199 1200 986 308 855 856 
491
1152 902 1134 701 967 848 120 1118 902 1201 656 1202 1189 1043 1203 1204 924 1205 967 848 
492
1206 942 902 1159 1207 1208 
493
661 137 986 1035 1209 1210 902 1211 1087 1212 98 
494
986 5 52 1213 1214 937 907 1212 902 1215 412 
495
1216 1217 1218 902 5 
496
242 967 848 1075 902 1219 859 1220 5 
497
937 907 1221 245 
498
1035 934 1222 1223 1148 925 33 855 856 986 855 856 5 1193 934 379 892 
499
855 856 5 1193 872 3 1193 196 
500
902 576 
501
1224 282 546 1225 1035 61 1043 6 1189 1226 986 319 1152 902 1134 
502
967 848 1227 1181 1134 986 855 856 1228 
503
1229 1152 857 858 610 148 1021 942 967 848 1122 
504
986 855 856 1229 1152 148 1021 1190 1230 920 1231 1074 711 947 805 
505
986 855 856 1232 1233 805 
506
148 1021 1234 1235 902 1134 
507
148 1021 1235 967 848 1236 1237 1076 1238 1239 1076 86 
508
1240 986 855 856 729 
509
937 907 902 1134 934 1230 1236 979 1241 1240 
510
1242 494 148 1021 290 512 204 
511
855 856 986 804 1189 322 967 848 1243 158 
512
986 1235 855 856 1152 1134 
513
855 856 986 986 1244 282 
514
855 856 1035 1036 986 5 1245 
515
855 856 546 902 1134 606 196 
516
986 1131 1246 1128 1035 
517
616 1189 
518
902 
519
732 986 1247 1248 1249 967 848 
520
1035 
521
986 1250 902 922 1156 1225 642 
522
279 
523
1225 
524
1225 5 367 367 1251 902 
525
128 269 1252 1215 33 
526
650 1193 855 856 873 
527
986 855 856 1253 855 856 934 1254 1255 196 282 
528
986 855 856 279 
529
986 
530
986 1149 855 856 196 1256 33 934 1127 1223 1257 631 196 
531
855 856 1258 196 1194 907 512 1259 1127 1260 
532
68 1261 512 196 
533
1262 1122 1263 962 907 1264 220 902 1134 
534
1131 1265 986 282 967 848 1266 
535
1267 
536
855 856 986 115 986 1268 1035 
537
986 934 1266 594 1269 
538
986 934 565 279 859 1270 1271 
539
967 848 
540
33 
541
986 1250 409 967 848 1158 194 921 1272 196 857 858 
542
967 848 229 1147 1273 986 74 1274 
543
259 194 1178 1275 419 855 856 1276 1277 229 967 848 
544
967 848 1278 1138 1156 610 148 1021 135 43 
545
855 856 642 861 229 967 848 
546
1153 
547
661 1279 855 856 986 1219 1280 1035 650 1190 1134 
548
1281 656 902 
549
902 1134 52 1159 168 1282 873 1035 
550
1283 1284 962 1285 
551
902 1134 1286 986 855 856 1228 1248 1130 1168 1287 1193 1134 428 1207 1288 1289 68 534 861 969 1290 1291 
552
855 856 986 1292 1293 1294 934 907 25 1295 1296 
553
986 934 1035 
554
1297 1285 1138 986 1298 1271 278 1299 
555
986 1297 409 934 1212 841 
556
855 856 274 1300 319 115 1301 
557
855 856 220 1302 196 1303 1304 1305 
558
855 856 279 859 1306 1271 
559
1270 565 967 848 1303 1307 805 670 196 
560
855 856 229 1308 986 689 196 33 
561
855 856 1309 1310 1093 1311 
562
840 128 1312 148 1021 220 1313 1021 1314 907 1315 855 856 
563
1316 
564
148 1021 1317 986 229 76 967 848 
565
986 1180 428 1158 967 848 1287 33 
566
1318 1127 624 986 1319 907 
567
1319 1247 1320 86 
568
967 848 1321 986 612 
569
1035 220 1322 371 1323 840 354 
570
805 967 848 1324 1325 1181 
571
1326 1324 
572
98 
573
1327 1242 1328 59 1329 696 1330 
574
1183 59 1331 
575
259 
576
398 1332 1333 286 
577
1334 1284 1335 1336 1337 1338 
578
836 
579
192 1322 
580
986 1339 
581
986 907 1149 1112 1307 1340 1341 903 148 1021 
582
533 148 1021 1342 918 919 
583
1343 
584
398 135 
585
1035 220 986 657 1340 500 1344 1075 148 1021 
586
986 907 1286 918 919 907 1345 867 500 1346 1163 1271 
587
148 1021 671 1347 937 986 25 907 986 1348 1349 1350 
588
135 76 426 1319 986 148 1021 76 426 986 1351 
589
855 856 127 1352 1353 986 805 148 1021 986 855 856 934 
590
1035 1212 
591
855 856 934 1035 1123 1352 1250 116 1354 
592
855 856 593 1138 1355 989 1355 
593
1356 986 
594
1357 
595
855 856 1102 962 1358 986 1359 1360 696 148 1021 286 
596
855 856 1361 1362 702 1363 355 1035 1364 986 1035 
597
855 856 840 286 86 986 
598
855 856 286 1365 873 986 
599
855 856 1366 1138 148 1021 1138 986 1138 1131 
600
919 
601
855 856 1127 1260 986 
602

603
3 1367 33 919 1225 
604
986 283 1325 1181 1324 1368 882 1324 196 
605
1363 
606
986 1369 
607
855 856 1184 986 1370 25 1301 
608
986 1319 907 86 1264 
609
986 918 919 861 401 
610
1363 398 6 
611
855 856 1371 229 
612
986 229 1127 1248 1372 855 856 1219 923 
613
840 135 196 
614
934 
615
986 1015 902 1319 902 
616
986 135 918 919 282 
617
1351 76 907 86 
618
86 1373 
619
1059 855 856 1341 1374 44 962 986 861 130 1363 
620
855 856 1371 986 1311 
621
986 1375 1376 500 855 856 1377 1331 986 1332 1333 1378 
622
855 856 1191 1379 196 1380 1225 98 1183 1138 1381 934 1212 25 1235 355 
623
1382 1383 1384 1076 1156 1385 1054 1386 986 867 
624
1387 
625
1078 33 43 
626
256 38 331 168 
627
166 855 856 1190 902 262 1372 38 1388 1076 1389 86 902 1390 924 1076 713 
628
904 920 1391 902 1392 1393 189 
629
1035 6 1363 1394 1395 744 
630
855 856 1130 650 1212 1035 154 6 1327 986 1384 1396 464 
631
855 856 52 796 1397 711 1394 1398 220 
632
1035 1399 999 1363 1400 779 1085 
633
1384 903 1341 1401 1122 165 175 1402 1364 855 856 464 967 968 1128 873 1403 
634
1003 1404 941 176 1405 272 661 137 1406 
635
176 
636
166 902 229 941 176 296 845 
637
1407 1408 1409 172 
638
548 1410 220 1411 
639
845 1412 1413 1414 
640
1414 1415 189 1413 855 594 1416 1417 1415 204 957 
641
857 858 919 1155 1418 
642
1419 1420 1001 610 1421 1422 919 1423 1424 78 
643
1155 1425 431 980 1138 1426 1427 1231 
644
1428 
645
902 1001 
646
1429 1430 1431 1432 
647
1155 1433 1138 1018 
648
902 86 1434 1435 1436 902 1419 1168 265 
649
962 74 986 1166 1437 1419 995 1438 937 907 
650
962 1439 1440 1303 1441 1442 1443 
651
902 1159 128 1252 650 804 1444 1231 701 
652
986 1278 1445 967 848 1446 311 907 86 1447 
653
934 1321 1419 1448 986 855 1112 
654
1185 1189 
655
1449 904 923 1450 1451 931 
656
1452 1453 902 1134 1454 1130 
657
1130 1455 1001 902 1456 1237 656 1317 1042 
658
902 575 1457 848 86 934 1042 373 701 
659
1134 650 1043 
660
1134 1237 1458 1459 1043 289 1460 1231 1333 1461 1454 
661
1440 1231 1462 1463 
662
1138 380 168 
663
1138 1464 1465 1466 1042 1467 1468 1469 1470 
664
1134 1377 902 1456 305 1419 1471 615 1138 
665
1440 1230 1472 
666
1131 1155 
667
1470 1468 1473 1419 1138 153 153 1112 1474 
668
1 923 805 1318 
669
1166 125 967 848 
670
1475 1476 68 1477 25 
671
848 400 1478 1440 1278 1479 1231 1440 
672
804 53 1089 
673
1480 1392 1481 1482 
674
919 610 1483 53 1231 
675
1426 986 1484 1130 1485 1134 
676
13 941 176 
677
980 1393 1475 804 1065 941 920 
678
1231 428 1089 108 1207 1486 1487 1076 1042 902 
679
1452 892 986 1477 655 986 1476 25 
680
13 855 594 1488 1042 1489 1490 313 1076 196 1491 1130 
681
13 176 1492 1452 986 1415 313 1493 
682
1076 1494 985 
683
1495 1452 1124 986 
684
1452 1238 1496 1130 1130 128 1051 1301 
685
1076 985 1497 1498 902 
686
67 
687
3 176 131 1231 229 
688
1035 1499 926 56 1028 986 261 1500 1451 
689
902 1501 1502 1431 
690
148 1021 367 1042 512 286 902 1134 
691
1503 1504 176 123 459 506 1072 229 902 86 1505 67 1506 
692
287 33 1113 
693
1507 
694
855 856 150 848 373 135 1078 650 56 3 1078 
695
986 135 1391 1508 
696
1509 398 175 176 1144 6 873 1510 
697
1511 1512 1513 265 
698
194 491 1514 792 950 
699
1143 1144 1515 845 
700
1181 1516 1517 1518 
701
1519 1520 6 
702
428 52 
703
1021 1405 
704
661 1521 805 68 1522 1405 
705
848 385 182 245 661 137 1523 
706
1524 661 
707
21 1194 21 1525 1526 1527 
708
1006 839 1073 1528 1529 245 
709
1530 5 
710
56 661 1531 
711
840 115 
712
13 
713
428 52 
714
967 848 450 
715
792 843 844 967 848 
716
1532 973 
717
13 
718
52 1024 148 1021 305 967 848 
719
845 1533 21 
720
1534 
721
897 175 176 406 1535 1536 409 
722

723
845 995 239 56 296 723 
724
1537 845 
725
38 231 472 1148 839 840 
726
1148 38 231 1069 1538 843 844 967 848 1539 1539 1540 857 858 114 406 855 856 986 610 1083 902 21 
727
33 1541 1542 33 1541 986 1542 1035 33 1541 1543 25 
728
1544 13 848 71 847 
729
13 220 
730
38 
731
52 428 
732
1545 520 1021 1405 973 
733
967 848 242 
734
52 848 450 310 1051 135 90 1546 
735
13 291 
736
848 121 768 792 848 1547 1548 282 1549 
737
291 
738
1550 394 441 1551 28 56 1552 816 
739
111 220 1553 1554 227 816 840 13 56 1391 1555 122 1556 
740
49 50 1557 1558 816 
741
1559 400 1560 1561 1562 122 
742
495 245 1563 122 1564 916 
743
234 122 1565 
744
3 194 195 1566 1567 
745
23 1568 135 1569 
746
1570 204 227 1020 
747
840 1428 1571 105 
748
887 840 1572 1571 1573 3 1571 122 175 1574 
749
1575 1576 1577 302 349 
750
1578 824 184 509 349 1579 1340 1580 1581 
751
67 447 1582 1583 76 1584 219 
752
1585 916 
753
213 13 
754
52 
755
386 1586 541 149 1587 
756
1588 1589 1505 
757
1590 1591 13 
758
1592 1593 631 1594 1015 1595 1003 1596 1597 1355 
759
65 1598 1596 1597 
760
1599 
761
840 367 
762
1600 97 1601 
763
182 1602 120 398 267 1003 718 1603 1604 689 1605 414 13 1606 1607 686 
764
1304 
765
13 336 816 245 1608 1609 
766
1610 1611 
767
406 1612 137 
768
792 705 1613 1399 1614 
769
29 350 263 
770
1615 
771
385 1003 175 
772
1616 1617 1618 363 1619 
773
1620 122 1621 385 1622 1623 
774
1624 56 166 1625 142 1626 528 291 1322 102 528 
775
166 385 102 1506 1627 68 166 
776
1628 
777
1629 1630 
778
1631 1632 
779
1633 1634 1635 1636 652 1637 1638 1639 25 36 1640 1633 1641 308 1628 1642 1643 1644 1645 141 13 175 1646 13 29 13 1507 1647 1648 1649 1650 1651 33 1652 1653 824 1654 1655 1656 1657 677 1633 677 1644 1645 
780
152 245 1620 1658 1659 527 152 1660 1661 
781
302 1567 122 180 1662 1663 1664 
782
1620 1665 871 506 
783
1666 1354 
784
1667 343 1668 263 170 1435 1669 541 122 1670 512 355 1671 1071 
785
122 220 
786
13 182 
787
182 1247 1672 1673 1674 13 981 1675 
788
769 1676 1677 
789
594 
790
1678 
791
4 220 1679 1080 182 
792
120 13 33 
793
182 61 670 
794
1680 1681 507 
795
1242 1682 
796
1683 1684 
797
1685 1613 1686 1687 
798
1688 
799
13 122 816 
800
1689 
801
1690 1691 1692 1693 1473 745 334 282 1694 56 
802
19 1695 13 213 494 815 
803
1696 1697 13 
804
6 412 349 815 1698 851 1699 1700 314 62 213 
805
239 245 892 1250 1701 
806
548 736 599 1702 
807
343 9 1703 
808

809
154 1704 1705 
810
1706 1644 1645 1707 39 1699 1708 1707 
811
1707 
812
1644 1645 122 1709 1710 1667 
813
1711 1644 1645 1651 
814
1712 1713 841 33 1714 1715 286 498 859 
815
150 13 1716 1717 1718 1719 1720 1721 
816
182 1722 67 122 1723 1724 803 1725 
817
1726 
818
13 1727 1728 1729 105 1730 1731 0 13 454 1732 13 472 
819
398 1733 153 1734 1735 1736 
820
282 1529 1431 1737 75 238 
821
1738 1707 141 1739 1707 1740 1741 873 1742 
822
1743 
823
1744 1745 380 1746 
824
1747 28 1748 
825
33 38 1749 
826
13 1535 576 1750 1751 1752 
827
1753 166 1754 761 1755 
828
512 1756 
829
39 1757 1758 1759 
830
1760 403 404 799 
831
620 1761 
832
1535 157 840 1762 
833
13 1763 234 122 1764 
834
541 183 182 13 810 507 
835
327 1765 182 
836

837
1587 122 553 220 
838
120 1766 1587 122 
839
1767 122 33 
840
1587 122 1768 179 403 1769 255 820 1770 
841
98 1771 1772 130 1065 166 
842
1064 1773 166 1174 166 1774 1775 98 220 1776 
843
217 38 1567 1557 232 1567 1515 1529 121 1777 1778 1779 86 
844
282 1503 1762 1780 1781 43 45 76 232 1223 
845
1782 43 1783 944 135 262 766 1784 1108 1785 1786 1787 
846
98 
847
256 29 1069 59 59 
848
1027 760 
849
1788 1789 897 1790 1651 180 1791 903 903 1792 286 539 1793 1233 1793 13 553 539 
850
1599 
851
1794 
852
918 1795 1630 280 
853
39 456 892 1796 1797 1081 1798 
854
15 1798 1799 280 245 960 846 
855
379 1800 1801 
856
62 1802 242 1320 
857
62 
858
630 23 1803 1466 1804 1805 1806 28 885 13 1807 175 1646 1801 
859
488 1431 
860
1808 1809 1810 1811 
861
916 1263 1812 
862

863
1813 1003 13 
864
1814 
865
1815 
866
135 1085 184 1816 1587 13 311 39 154 1817 
867
221 291 1818 291 792 
868
1819 
869
488 
870
1820 1821 245 1179 651 1822 1823 1824 1825 1826 1827 1828 
871
1829 1399 613 158 159 166 
872
1830 1831 1832 1833 882 1834 337 1534 1835 1239 400 1836 1837 836 1838 1778 291 1839 1840 1841 
873
472 1737 105 676 1198 1842 
874

875
541 1843 1844 
876
1607 
877
13 360 1778 
878
1845 686 6 61 
879
670 1590 631 
880
1846 944 807 170 1847 40 245 274 1848 1849 1248 1059 1707 1848 
881
135 1850 
882
1851 1852 1853 1854 
883
1340 1580 1581 1855 432 
884
349 349 213 
885
240 
886
1856 327 1857 349 287 
887
760 144 686 13 816 
888
1858 1859 
889
1579 360 615 132 686 
890
1860 1861 
891
1862 1863 
892
1864 
893
1865 1082 
894
816 
895
13 885 1866 
896
1867 
897
1868 
898
1865 1082 
899
1869 192 1870 1871 432 1548 836 1872 
900
1873 1048 1874 132 1875 
901
242 13 349 240 1630 1876 
902
1877 144 
903
1878 1879 1880 
904
1872 229 230 1881 13 1882 398 1883 
905
1881 360 686 
906
337 885 816 
907
13 885 816 1884 
908
1885 
909
13 1886 1887 1609 1888 
910
106 349 1889 
911
1890 1867 213 1891 
912
1892 122 
913
1304 
914
1893 
915
816 121 97 
916
264 1557 1894 391 
917
1895 697 1896 1897 1898 489 43 1896 1899 
918
1896 1900 502 1901 1902 1903 1904 1905 1906 1907 1908 
919
1909 1863 
920
1579 109 1910 816 
921
1620 714 
922
1578 824 509 1036 494 816 1911 1912 
923
686 1401 1670 1318 
924
395 104 1913 956 1111 975 67 131 
925
872 13 760 698 122 1688 144 1868 1914 1915 
926
1916 13 686 1917 
927
1918 1919 308 
928
1920 1921 
929
1688 816 429 13 122 1922 385 
930
1923 1924 1925 1926 1927 1928 
931
1929 
932
1930 686 
933
528 1605 
934
1872 840 1557 816 
935
1931 961 1932 
936
1933 47 1210 1872 816 
937
282 1934 1935 1936 872 1937 1938 13 
938
1939 1940 816 122 1941 
939
1942 1391 1943 
940
343 1944 665 1945 334 248 745 1946 248 1947 1948 
941
1935 1949 56 1950 816 1951 1503 1952 
942
105 1633 1711 56 1940 1953 1954 1955 1090 1956 1957 
943
52 1958 
944
122 1090 
945
1855 432 
946
1959 1097 1960 
947
1599 278 141 76 1810 
948
1787 
949
1192 977 925 977 1291 1961 1169 1199 1962 
950
1963 
951
1964 1965 1966 1967 
952
1968 1967 1969 548 1970 1971 1972 1973 1974 1975 
953
98 1976 1977 1978 1264 767 
954
131 1977 1979 1978 
955
816 1980 1981 
956
106 47 33 1982 259 1644 1645 220 21 
957
651 1983 404 13 1984 815 816 
958
1985 474 
959
1986 
960
811 559 1297 227 1987 6 1988 1989 1990 243 1991 28 1992 319 1707 963 1993 29 1989 852 1989 1994 661 
961
1995 802 803 
962
636 1996 
963
1997 511 1864 
964
13 220 
965
131 
966
280 1998 
967
280 1998 
968
1999 2000 1288 2001 1999 
969
2002 
970
548 1410 220 2003 
971
548 736 2004 2005 2006 2007 238 311 2008 
972
403 2009 808 1001 
973
11 1074 2010 2011 2012 
974
2013 2014 2015 2016 1034 
975
2017 1961 1284 1034 
976
2018 2019 2020 2021 560 2022 32 2023 
977
2020 2024 2019 247 2025 2026 2018 
978
2021 2022 
979
2018 2027 961 
980
1616 311 2028 961 1700 934 
981
2022 2029 1234 2030 2031 2032 2033 2034 2035 
982
2036 2037 2019 196 
983
1123 805 
984
1123 805 33 
985
365 
986
2038 949 1556 2019 2039 2018 
987
2040 289 
988
2040 2041 
989
2042 
990
2018 2039 
991
2018 2040 876 1294 2043 2044 475 2045 1394 
992
565 2046 154 2014 2047 152 2025 2048 2049 29 1800 2050 2051 
993
859 1806 2052 
994
2032 152 168 33 
995
506 
996
506 
997

998
2053 33 1431 6 2054 2052 2055 
999
290 2056 
1000
2057 2058 2059 152 2060 
1001
873 2061 1961 
1002
2062 1495 2063 2064 
1003
2063 68 
1004
2065 2066 721 
1005
2067 2068 
1006
2069 
1007
2070 2071 540 
1008
2072 1804 
1009
2073 97 
1010
498 769 153 2074 498 2075 
1011
403 404 812 13 
1012
343 272 245 
1013
918 1795 479 13 
1014
853 630 
1015
280 2076 264 25 
1016
1593 1494 
1017
562 2077 2078 2079 25 67 1359 
1018
2080 77 264 25 
1019
280 1304 
1020
2077 2078 2079 2081 2082 210 198 210 198 121 25 1359 825 
1021
546 2083 264 25 
1022
378 2084 289 1584 13 
1023
897 2085 
1024
267 1740 264 25 2086 
1025
2087 2088 2089 308 
1026
45 2090 33 880 2091 2092 2093 2094 2095 264 1751 2096 
1027
2097 
1028
98 2098 2099 
1029
2099 869 
1030
2099 334 
1031
322 1779 122 
1032
98 2100 
1033
400 1561 689 440 
1034
2101 120 47 2102 579 2103 1801 
1035
2104 166 38 
1036
2105 2106 
1037
1742 141 6 1707 2107 
1038
1910 2108 
1039
2093 2094 413 199 1101 
1040
1640 1777 2109 
1041
2110 131 816 
1042
1929 330 
1043
885 1929 2111 180 2112 
1044
2113 1707 1128 1164 2114 2115 2116 220 1025 559 2117 
1045
2118 1688 299 
1046
2119 182 264 1147 2120 
1047
259 1669 2121 2122 
1048
40 2123 2124 2125 2126 
1049
440 594 2127 2128 
1050
450 502 220 1020 
1051
13 
1052
2110 265 
1053
2129 40 2123 2124 
1054
2130 2131 
1055
2132 2123 2124 2133 1841 1961 2134 2135 
1056
2129 1004 2136 61 
1057
960 2123 2124 
1058
2123 2124 385 1003 1181 2137 2129 38 959 1501 38 33 274 2138 38 170 2139 962 38 1395 744 234 76 2039 2140 2123 2124 
1059
2141 527 
1060
272 2142 2143 2144 
1061
2145 
1062
1181 2137 2146 
1063
548 2147 552 24 2148 2107 646 
1064
2149 
1065
65 493 
1066
642 2127 
1067
2150 1287 29 
1068
2146 821 398 2151 2152 245 2107 343 2153 2154 
1069
98 2155 2156 2157 
1070
210 430 
1071
559 2158 1478 217 
1072
498 2127 379 67 2107 
1073
770 2159 
1074
9 93 428 141 2119 
1075
2160 308 1181 2137 
1076
28 
1077
439 2108 131 838 2161 2162 2163 2164 
1078
220 1181 2137 2129 2023 2130 2023 1841 1961 2123 2124 
1079
2160 2165 
1080
13 
1081
555 2166 
1082
2167 
1083

1084
2168 13 2169 924 
1085
1436 131 2170 2171 2172 2173 135 1326 
1086
2174 2129 40 2123 2124 98 2130 
1087
2175 1181 2137 
1088
1639 2176 13 
1089
13 903 2127 
1090
817 
1091
122 199 354 65 
1092
1023 2177 2178 65 
1093
122 199 2179 2180 980 407 2181 
1094
510 2182 1431 2183 322 1020 228 
1095
2184 33 199 398 322 937 2185 
1096
1639 573 2186 2187 2176 
1097
2188 1069 153 323 286 2189 
1098
620 2190 
1099
2174 2129 1181 2137 40 2123 2124 2023 2130 33 
1100
2119 
1101
807 2191 2192 2193 1102 
1102
1943 2194 
1103
807 2195 1501 61 1272 
1104
2196 1535 1910 2197 2198 
1105
1181 2137 2023 2123 2124 
1106
38 959 1501 38 33 274 2138 38 170 2139 962 38 1395 744 234 76 2039 2140 2123 2124 
1107
1501 2199 155 
1108
61 1864 389 1835 2127 
1109
272 488 1181 2137 
1110
120 
1111

1112
2174 2129 
1113
65 141 6 2200 2112 
1114
391 885 13 1778 1272 2201 
1115
67 1835 2202 
1116
559 2203 272 686 
1117
272 98 1181 2137 
1118
51 2204 2205 2206 500 2207 2208 2209 
1119
2107 
1120
2210 
1121
2211 2156 2157 2212 2213 686 
1122
2214 244 
1123
962 2215 2216 
1124
2217 299 272 
1125
33 983 620 2218 2219 2220 
1126
2146 821 152 2151 2152 245 2107 
1127
61 2221 2148 
1128
2222 65 2127 1835 
1129
1181 2137 330 
1130
5 250 2223 33 2107 2224 1138 2225 2226 135 
1131
2066 98 2130 
1132
1984 440 168 
1133
2227 1970 2228 770 
1134
245 840 
1135
770 
1136
2107 1915 2229 505 2120 1742 
1137
2129 40 2123 2124 
1138
840 221 274 
1139
548 1713 2230 2231 2232 2233 
1140
183 2119 1181 2137 
1141
2234 
1142
2093 2094 13 2235 
1143
1700 548 1713 2230 2231 2232 2236 122 2236 
1144
2129 799 2237 2238 
1145
2239 2240 
1146
0 113 845 319 113 
1147
2241 
1148
507 1104 29 61 
1149
2242 1235 2243 1235 2244 2245 
1150
2244 1369 259 65 2246 2247 
1151
938 2248 65 2249 
1152
1639 1396 2186 2176 
1153

1154
2250 2251 2252 559 158 
1155
38 873 274 1020 
1156
575 1012 
1157
355 2253 2254 1818 2056 98 220 
1158
67 2255 2256 2061 
1159
491 
1160
541 67 611 28 367 
1161
157 2257 
1162
418 
1163
272 2258 2259 2260 
1164
2259 2258 2259 
1165
2261 
1166
1707 2262 1348 2263 176 
1167
2264 962 2215 
1168
2224 1841 600 2265 
1169
2266 
1170
221 274 
1171
1344 1707 400 
1172
2267 763 
1173
2268 130 2269 1596 337 2270 797 2271 2272 
1174
2273 2274 
1175
1104 2275 2243 1235 2244 2276 1552 2277 2247 1020 33 
1176
2031 1104 367 33 
1177
515 516 718 2278 2279 
1178
48 2280 13 2281 651 131 1399 2281 131 1399 
1179
13 245 1287 1201 
1180
213 509 2282 122 2283 
1181
213 509 
1182
917 491 
1183
2284 380 
1184
380 2285 2286 
1185
2287 2288 2289 2290 
1186
2291 2292 248 2293 
1187

1188
612 2282 491 2294 861 2295 282 2296 1260 
1189
2297 1598 2298 
1190
31 2299 
1191
2300 
1192
970 327 327 328 
1193
2300 13 
1194
2301 2302 56 182 2303 245 13 1609 
1195
56 68 482 1394 1436 
1196
13 279 491 6 2304 45 135 
1197

1198
355 282 5 115 
1199
245 13 1322 2028 114 1394 651 76 245 600 
1200
2301 2302 56 264 972 1506 
1201
102 45 2305 245 400 2306 
1202
98 13 
1203
268 
1204
56 1787 2307 2308 
1205
2309 
1206
196 2310 1022 1809 
1207
5 2311 
1208
51 2312 
1209
1557 816 
1210
26 682 2313 2314 2315 
1211
2031 1981 1038 68 2316 
1212
21 48 
1213

1214
555 3 2317 168 2318 56 337 711 571 
1215
453 642 
1216
472 2319 2320 6 1633 682 
1217
13 131 2321 2322 714 602 2323 247 
1218
611 925 33 1334 2324 2325 2325 
1219
2326 2327 2328 636 2329 
1220
620 722 1236 672 238 122 
1221
2330 2331 19 1695 350 2332 128 
1222
2160 1779 1550 2333 
1223

1224
2334 734 2335 2336 2337 
1225
2338 2339 718 2278 2279 
1226
2317 168 2318 2340 2341 
1227
270 271 2342 2343 
1228
2344 2345 1006 2346 2347 1510 2086 
1229
1716 1717 267 2348 1027 2347 905 
1230
2317 168 2318 2349 2350 2347 1387 
1231
2351 1912 1545 2352 2347 2349 2350 2353 2354 1720 1721 669 1006 2347 2355 1393 
1232
1078 2356 
1233
2357 2356 2358 
1234
1968 1583 2359 234 2358 2360 
1235
2361 406 2308 11 1130 1233 1183 1312 496 714 796 
1236
2362 2363 1130 651 498 760 2364 1130 1065 796 2295 49 796 
1237
745 855 856 2365 887 
1238
2366 176 
1239

1240
38 2031 267 1501 67 38 1495 885 13 
1241
3 2367 267 1501 1910 
1242
50 267 1583 2359 895 
1243
885 13 
1244
1501 2252 
1245
25 2368 2369 1323 
1246

1247
2370 2371 45 276 61 1761 2372 
1248
232 2373 
1249
2321 1852 1556 
1250
594 925 33 2357 2374 
1251
2358 13 
1252
594 2375 2376 135 
1253
400 2377 2378 
1254
264 
1255
169 171 169 121 
1256
749 2379 
1257
519 650 2380 
1258
1282 158 
1259
196 1652 171 169 
1260
821 
1261
316 
1262

1263
183 263 
1264
169 2381 
1265
25 78 13 186 187 
1266
2382 21 2383 
1267
770 1008 2384 897 169 588 945 
1268
743 
1269

1270
1294 2385 2386 65 956 1461 388 2387 
1271
346 571 618 
1272

1273
2388 1453 
1274
440 571 
1275
2389 
1276
2390 296 723 45 824 2391 2392 2393 
1277
1152 2394 2395 891 
1278
2396 2397 1605 1576 
1279
2398 2399 1556 2400 2401 2402 
1280
154 229 6 1112 2403 
1281
131 1598 561 
1282
1194 738 2404 
1283
2405 2406 
1284
547 884 2407 988 2408 
1285
163 164 245 316 303 884 204 2409 916 
1286
474 512 
1287
2410 2411 1510 
1288
2412 
1289
2413 
1290
1247 1181 2414 1359 122 
1291
82 2415 122 2416 2368 122 2417 19 2418 2414 2419 2420 2421 19 2422 
1292
657 745 2423 2424 2425 540 
1293
2426 2424 
1294
488 2427 943 1376 2428 2424 
1295
488 711 1073 302 3 
1296
2164 76 263 758 2429 
1297
850 350 122 2430 
1298
264 535 711 3 220 2431 238 122 1473 2432 
1299
2433 2434 2435 
1300
365 730 2436 1677 166 265 2437 2438 942 
1301
220 
1302
264 450 
1303
272 
1304
220 2439 13 
1305
1609 1806 38 122 
1306
220 2440 2441 2442 540 294 1254 
1307
1972 2127 2066 
1308
1751 2096 
1309
951 2443 
1310
104 472 2000 176 
1311

1312
2444 2445 
1313
385 882 
1314
2446 2447 2156 2157 13 2368 1839 13 
1315
2448 264 213 412 2449 
1316
263 1710 774 21 412 
1317
862 1964 2450 2450 
1318
771 308 
1319
316 
1320
400 355 2451 2452 430 2453 2454 2455 2456 2457 512 2056 2458 
1321
2459 33 
1322
2213 880 2460 1311 2091 
1323
539 13 2461 2462 2463 1203 168 2464 2465 2466 
1324
546 2467 
1325
2096 122 2468 
1326
308 2176 1839 220 2469 2446 2447 1609 1236 245 
1327
2093 2094 2470 2471 13 2472 2093 2094 13 2473 154 
1328
2446 2447 
1329
2474 
1330
2475 1193 2476 
1331
33 120 
1332
2193 2295 38 29 2191 2192 2193 
1333
2093 2094 
1334
2477 2478 175 
1335
2156 2157 13 
1336
669 2479 2480 290 350 122 2481 29 2479 2482 
1337
771 29 350 220 502 
1338
29 13 1609 
1339
995 573 398 2483 
1340
488 1751 2096 13 
1341
2091 430 120 
1342
2484 2485 1244 2486 319 897 2487 109 
1343
183 1494 1634 13 98 29 2488 
1344
120 13 2489 2490 
1345
512 2056 2491 2492 45 2090 33 878 879 
1346
2213 2156 2157 13 2493 337 2176 131 3 98 2494 2495 414 2496 132 1239 
1347
67 450 13 
1348
319 2497 2169 2368 
1349
67 
1350
2498 2499 2500 2501 2502 
1351
903 2503 2504 2505 2506 419 2507 2508 665 
1352
2487 1609 
1353
511 1751 2096 122 
1354
213 38 2509 2510 1291 2224 804 1609 
1355
343 620 
1356
1405 2511 1584 2512 2177 1584 13 282 2513 
1357
2512 116 1700 2514 1584 
1358
2093 2094 122 2515 350 122 319 2427 2516 13 2517 263 2518 2368 10 2519 2520 805 2521 2522 
1359
2156 2157 13 
1360
2096 2448 2000 176 878 879 2213 2093 2094 2156 2157 13 2454 2455 2456 2457 
1361
546 2467 2523 2524 2525 
1362
2526 2527 29 1584 2526 13 264 336 
1363
2444 2445 2528 2252 891 391 2529 2530 1710 2531 
1364
1174 1633 2532 154 
1365
308 2533 2093 2094 571 120 
1366
2086 13 284 
1367
23 2534 2535 78 
1368
2536 1778 13 511 131 220 29 
1369
2193 2537 2538 1022 1288 
1370
2091 2092 
1371
2448 2000 176 2213 2176 1839 2539 2540 2091 2092 2093 2094 2450 2541 239 98 2487 2542 951 2443 2543 
1372
1992 553 689 198 2544 
1373
1557 600 2545 
1374
2546 2547 13 264 
1375
2213 2093 2094 2193 2548 
1376
1 447 
1377
2549 2550 264 651 
1378
1183 2551 586 2552 122 
1379
2553 430 1036 
1380
2554 2555 2556 419 
1381
2557 
1382
2558 2559 237 2560 2561 
1383
2562 132 
1384
2563 2564 
1385
2097 1592 1230 2565 2566 
1386
2567 
1387
2568 473 2569 882 2570 1512 2571 
1388

1389
2572 2573 
1390
2572 2562 
1391

1392
2574 
1393
2575 25 78 406 
1394
2576 2577 
1395
2578 1570 
1396
2579 2580 2581 2582 2583 307 
1397
1022 2584 183 
1398
2584 2585 2309 13 2586 
1399
2587 5 2588 2589 2590 
1400
498 2591 
1401
2592 2593 2594 2595 2596 
1402
2127 906 50 1615 
1403
280 2577 
1404
1632 
1405
1034 2597 
1406
2037 2598 305 1090 
1407
1087 2599 
1408
2600 2601 2602 2603 120 56 
1409
1149 
1410
2604 2605 237 2606 709 33 
1411
2607 
1412
272 
1413
322 39 400 
1414
305 
1415
2093 120 38 13 33 
1416
1149 2608 316 1181 2609 2610 
1417
2611 
1418
1181 2609 322 120 13 2612 
1419
865 2613 262 509 
1420

1421
491 
1422
1294 
1423
1294 135 65 2487 
1424
960 400 2614 2615 2616 2617 2618 
1425
65 2487 401 
1426
1193 
1427

1428
3 1129 245 
1429

1430
2619 2620 2621 166 
1431
2622 2591 1481 
1432
12 
1433
743 637 2623 2602 2603 2624 167 
1434
264 414 272 1464 541 
1435
1499 396 
1436
1181 2609 13 
1437
873 398 2625 
1438
594 1067 897 2626 872 13 
1439
2627 472 897 2628 220 887 
1440
2629 176 836 2478 638 
1441
330 2630 
1442
220 1181 2609 767 945 887 2122 945 242 690 13 
1443
67 166 897 530 745 2631 630 182 
1444
263 2632 1038 553 220 
1445
13 33 2633 903 887 109 1523 
1446
468 1059 1778 13 861 39 
1447
398 1059 1408 2634 33 2635 876 2636 398 2637 98 
1448
2638 1149 674 284 2639 291 2640 2641 2642 1688 168 2643 2644 2645 2646 2647 2238 2648 2649 667 2056 2650 1073 2651 494 2652 383 
1449
2321 2653 2358 2358 903 2654 1050 2615 323 665 
1450
2655 33 2375 
1451
413 
1452
2358 13 
1453
388 
1454
13 
1455
1574 2656 2657 2658 2358 45 694 2659 981 2660 2661 
1456
199 219 5 367 
1457
308 1584 219 
1458
2358 13 2662 2029 1224 2324 
1459
711 2663 
1460
2664 
1461
2665 2666 
1462
122 
1463
1556 2112 2367 1435 2667 2659 67 559 385 1359 602 2667 1111 2668 933 1910 
1464
1585 13 
1465
173 1557 2669 2625 2670 2671 
1466
67 960 255 
1467
2252 1585 131 459 131 
1468
120 13 792 428 620 367 
1469
38 2672 
1470
2673 2674 2675 
1471
52 2676 277 2677 1643 2678 43 2679 1008 2680 1735 2681 290 1865 1082 1860 1860 137 2682 165 2591 1997 2683 2678 210 93 
1472
98 2684 
1473
815 472 716 1338 
1474
2685 2686 264 447 
1475
1675 2687 1549 2436 282 999 
1476
711 
1477
2688 2281 2689 122 
1478
1006 839 13 5 2690 789 1510 
1479
98 2691 2692 2693 2694 2695 
1480
2696 2697 122 175 630 2683 13 
1481
1236 2698 46 805 
1482
2313 2314 2699 13 2700 1770 248 2313 651 2701 
1483
2352 176 1943 
1484
2702 441 2188 
1485
1711 1982 2703 2350 2704 832 
1486
1578 824 2705 882 824 
1487
2706 2707 51 2416 13 
1488
454 1732 2350 2708 2709 412 691 2710 
1489
744 2711 2712 694 187 2713 122 
1490
2253 2714 35 2699 13 
1491
1982 13 245 
1492
290 2715 
1493
485 
1494
216 
1495
2716 2717 
1496
272 488 2718 2719 122 
1497
2720 47 122 2122 
1498
2564 1050 637 745 33 447 
1499
217 2721 166 745 548 1410 220 2722 2723 2724 
1500
555 555 555 272 380 
1501
380 380 2554 289 934 259 2554 2725 491 491 2726 840 289 2554 2727 
1502
272 727 
1503
2728 1190 
1504
2729 
1505
272 612 
1506
1190 
1507
2730 272 226 2731 
1508
1216 2727 
1509
1320 
1510
2554 81 136 
1511
391 136 272 2730 272 2732 2733 340 272 
1512
2734 2734 2735 488 841 613 81 2736 220 
1513
1020 258 272 286 220 
1514
2737 2735 
1515
2738 2739 
1516
272 272 272 2727 2740 2730 272 
1517
745 2741 2742 2743 196 289 
1518
2744 1841 5 447 745 
1519
379 494 1982 122 
1520
745 213 157 120 1982 13 2745 
1521
38 2720 289 
1522
2746 208 2747 2748 2749 1972 2750 2751 2749 2752 1982 745 61 131 289 131 289 
1523
1436 714 2753 2754 2755 2756 1972 2755 2746 571 31 1982 714 
1524
356 2757 2758 13 2759 2760 1417 2761 6 168 2107 
1525
2762 2763 3 2764 1675 76 2765 2766 21 
1526
494 2767 66 
1527
792 
1528
2768 1082 447 745 334 204 56 
1529
67 2747 1877 2769 2770 
1530
2771 457 2772 13 
1531
447 745 511 122 
1532
2773 2774 
1533
13 282 419 651 714 
1534
2775 264 2745 714 
1535
38 2720 2776 1012 944 264 615 
1536
2744 1841 573 2777 122 62 511 573 2777 122 2778 13 2537 39 573 2309 2779 2780 2781 2782 1093 2783 2784 2785 
1537
539 2786 2787 837 356 357 
1538
264 573 2777 122 573 2777 914 2788 2752 837 356 357 12 
1539
3 1087 282 762 28 49 50 
1540
1242 220 2201 398 876 1260 2789 262 749 
1541
2790 2735 
1542

1543
20 2431 135 
1544
488 51 651 
1545
2045 
1546
2352 2791 289 2792 
1547
1425 183 67 
1548
2793 2794 122 2745 745 56 885 1711 8 
1549
716 704 509 714 447 1566 
1550
407 13 3 447 745 
1551
447 1405 
1552
2795 
1553
2796 13 2797 1626 196 2745 714 745 2798 1562 1626 
1554
2799 2800 
1555
2801 
1556
122 718 2802 131 1322 2803 1592 2804 2776 2805 2806 238 2807 745 327 2808 2809 68 2810 121 2811 
1557
122 
1558
168 792 259 
1559
882 2812 264 615 
1560
2813 447 13 745 38 351 2793 
1561
1001 2814 2815 2816 334 38 447 2747 241 68 272 2801 166 
1562
2792 2817 2801 459 1895 459 1620 131 391 479 1093 38 
1563
1690 1691 1692 
1564
186 2818 2819 
1565
343 2820 
1566
2691 2821 13 447 745 
1567
264 2822 2823 2824 
1568
800 
1569
2783 2784 
1570
2825 1510 
1571
2826 1982 122 
1572
2744 1841 2783 2784 447 2827 745 
1573
1982 13 365 
1574
2783 2784 
1575
2828 2829 651 135 1584 2830 47 2831 612 840 135 334 122 2832 122 311 
1576
600 62 2833 2520 743 13 
1577
447 1317 2834 2835 259 2836 
1578
2837 2838 
1579
2484 
1580
507 13 
1581
808 131 183 
1582
840 2839 
1583
2194 961 2840 2841 651 
1584
1907 122 33 220 
1585
1286 2842 1677 1286 2843 2844 2845 
1586
971 1085 199 2846 2847 168 2848 2631 1760 1014 
1587
365 1507 2849 
1588
1945 840 1090 2365 2850 2851 
1589
2852 280 2853 
1590
875 2854 1073 891 2855 1800 
1591
2856 1147 280 1036 
1592
1174 2857 282 2858 2859 1737 599 2860 2861 
1593
673 713 2435 
1594
182 310 
1595
166 2862 796 
1596
284 867 
1597
62 1183 248 114 
1598
2863 867 
1599
316 509 
1600

1601
248 62 1183 1130 496 
1602
2864 
1603
227 
1604
1247 220 2865 175 176 840 13 
1605
2860 887 122 2533 2866 559 166 2045 2867 
1606
189 2471 122 148 2308 354 56 128 299 
1607
482 2309 2868 264 
1608
3 
1609
302 
1610
1551 2869 213 
1611
711 
1612
611 2309 887 797 2870 308 968 977 796 259 20 2871 
1613
509 378 1148 2872 778 2873 2061 
1614
2798 599 2309 
1615
2633 2365 887 170 33 13 
1616
2874 2401 
1617
13 282 2110 2875 
1618
186 875 383 2876 
1619
2877 
1620
98 573 
1621
1534 1073 2330 19 2788 1547 327 
1622
2160 
1623
1027 196 38 512 13 308 2878 2879 278 128 170 279 2878 2879 
1624
272 488 220 
1625
398 
1626
2160 573 2880 48 
1627
398 1496 183 13 2039 13 2881 
1628
40 13 1359 19 1695 1110 1236 
1629
51 1952 282 282 13 
1630
13 2882 2883 348 13 220 2252 
1631
2884 
1632
2309 2788 328 13 
1633
2720 2885 2886 945 1587 2887 
1634
2273 2878 2879 394 
1635
711 245 2888 2889 474 2890 116 
1636
394 2889 
1637
1599 771 13 
1638
239 2890 215 2890 2891 2892 
1639
39 2878 2879 13 
1640
218 1557 815 
1641

1642
2023 
1643
98 2893 541 13 
1644
38 33 412 13 239 266 835 220 2894 2895 
1645
2896 
1646
166 120 
1647
13 964 
1648
1312 13 2883 1669 1203 
1649
2897 937 122 38 
1650
1102 671 1085 
1651
38 13 2898 2899 23 1568 
1652
48 1110 391 2900 
1653
98 13 2896 
1654
2901 
1655
13 686 
1656
128 571 2902 
1657
3 307 2903 2342 2904 2905 2878 2879 
1658
43 
1659
1599 573 13 
1660
227 
1661
38 220 13 988 
1662
573 
1663
539 13 393 242 172 2906 
1664
242 1979 
1665
1215 105 506 2907 2330 731 13 
1666
2160 2908 33 
1667

1668
120 13 122 2909 
1669
13 26 
1670
2910 2911 2912 2913 2914 
1671
2915 278 450 2890 13 2688 600 2916 13 
1672
769 
1673
2878 2879 2917 488 265 75 2896 2918 2919 
1674
327 1841 2920 
1675
1841 2920 
1676
583 199 2921 
1677
1609 535 573 
1678
220 13 
1679
43 2855 13 1758 1055 808 1174 
1680
2743 
1681
2514 
1682
2922 2923 1003 2924 
1683
491 
1684
2925 2926 651 
1685
272 1510 792 
1686
774 272 76 1015 
1687
38 738 122 588 590 945 2927 
1688
2878 2879 56 263 897 2449 
1689
2927 
1690
2928 2484 1700 
1691
41 13 
1692
488 1069 815 816 19 1019 1122 2929 903 707 
1693
24 671 2930 2931 1713 166 
1694
488 13 
1695
562 2932 
1696
882 1081 1074 
1697
2933 1592 
1698
546 2934 2935 
1699
465 977 2936 405 
1700
410 2937 2938 35 
1701
2939 2940 2941 
1702
2942 2029 2943 
1703
2394 141 2944 2446 2830 2945 
1704
39 2946 2947 891 1112 2948 40 321 39 131 98 2830 
1705
2938 35 1624 65 56 
1706
2949 
1707
2950 1781 2951 2952 2953 264 1812 2938 1781 2954 
1708
2955 
1709

1710
272 
1711
2942 2878 
1712
2956 2957 405 2958 65 2252 326 1093 327 336 1529 2155 1624 2959 2960 
1713
0 404 2961 428 14 272 85 
1714
1297 141 2830 
1715
1127 2739 
1716
526 404 840 12 1529 39 272 2411 
1717
404 2962 1529 985 2957 319 2963 405 13 
1718
1557 1529 160 
1719
1751 1529 7 182 
1720
1599 175 176 845 1529 2964 2965 
1721
1972 573 403 404 23 1529 
1722
548 2966 2967 2968 2969 
1723
1031 1557 2970 1703 2971 1188 2972 405 2973 
1724
2974 498 799 2975 405 2976 2977 576 2978 2979 1015 1700 314 407 769 472 
1725
407 
1726
792 1342 2980 
1727
1529 2981 1689 
1728
651 533 821 
1729
2938 2941 2652 1008 1324 
1730
2982 2982 
1731
774 2983 452 
1732
808 809 
1733
7 220 661 1149 182 555 2955 498 2942 
1734
2325 247 2984 
1735
714 555 2942 2985 2986 2987 
1736
2955 7 1529 2823 2986 2988 
1737
533 821 
1738
2394 141 2989 2446 2830 
1739
1529 657 375 2868 
1740
821 2990 403 404 2614 
1741
282 122 1557 2991 1236 2108 2992 
1742
1247 7 1074 21 
1743
2993 2299 2507 947 412 198 2994 
1744
2975 2830 382 853 842 2995 2996 2997 1055 
1745

1746
2938 
1747
2938 35 
1748
1436 65 77 1951 2394 988 953 56 404 1624 56 
1749
1015 2382 
1750
38 1557 1529 1970 12 1586 811 2998 867 2999 245 278 3000 3001 3002 328 287 1007 3003 3004 242 565 198 1841 
1751
3005 789 
1752
642 897 406 3006 2157 3007 
1753
3008 
1754
2631 403 404 3009 585 13 1694 7 3010 3011 21 812 472 873 1510 
1755
1557 1529 3012 272 403 404 
1756
287 7 20 1267 923 
1757
403 404 2895 2527 272 3013 479 403 404 272 3014 
1758
2436 1183 1777 2730 3015 1410 220 3016 
1759
1599 498 182 39 619 618 262 
1760
2211 840 
1761
272 821 1538 
1762
1324 3017 
1763
557 
1764
210 403 404 122 690 3018 1529 
1765
3019 
1766
498 
1767
128 403 404 263 3020 3021 21 
1768
39 3022 141 331 
1769
3023 512 170 1006 3024 
1770
2938 33 3025 2941 1743 
1771
3026 2944 3027 2045 3028 1297 
1772
2830 2173 2173 141 
1773
2520 1288 3029 122 3030 3031 
1774
246 743 3029 743 
1775
613 1792 2104 13 38 
1776
394 599 3032 1824 166 3033 3034 1439 217 
1777

1778
897 1450 3035 2813 122 
1779
166 322 970 
1780
1242 548 3036 3037 3038 3039 3040 646 
1781
897 3033 3034 1720 3041 
1782
38 897 637 553 220 
1783
365 3042 3043 2317 3044 319 1443 
1784
771 
1785
272 535 
1786
2558 3045 13 
1787
3046 2122 
1788
3047 
1789
689 1778 
1790
1820 3048 2863 
1791
98 406 
1792
398 1838 
1793
1321 2258 3049 
1794
3050 
1795
3051 218 286 
1796
1838 3051 
1797

1798
3052 3053 850 
1799
272 2799 3054 
1800
245 204 
1801
3055 3056 
1802
3057 305 245 3058 850 3059 3060 
1803
3051 3061 
1804
3061 
1805
3062 2317 
1806
166 2160 3063 
1807
3051 850 
1808
391 535 2699 1812 56 850 
1809
1710 131 535 
1810
1225 220 1300 6 694 308 3051 120 1248 334 2222 
1811

1812
3064 
1813
3051 316 334 1838 1972 98 3051 
1814
3 637 
1815
3065 3066 641 
1816
242 3067 3068 1387 245 2905 816 13 885 1556 
1817
398 2720 
1818
272 3069 
1819
1300 
1820
1592 337 2835 3070 
1821
3071 
1822
3072 535 
1823
3073 1689 3074 3075 882 2799 3054 3076 3077 
1824
3078 204 
1825
1812 3079 1512 
1826
465 334 
1827
3080 2375 612 3081 3082 2564 3083 3074 1300 3064 2706 3084 1374 96 337 3085 204 1913 
1828
637 
1829
1557 816 945 
1830

1831
2456 1271 704 106 816 
1832
873 3086 287 
1833
873 166 3067 180 3087 235 540 
1834
2104 21 
1835
3088 
1836
2097 1557 816 183 
1837
0 3051 3089 
1838
61 2933 694 704 1456 331 1152 
1839
1286 535 3090 850 1020 
1840
601 
1841
13 3091 3092 
1842
1557 1529 3093 56 38 1557 
1843
672 479 1271 704 3094 3095 273 51 3096 1774 571 
1844
1838 3097 
1845
33 1737 3098 
1846
850 3099 
1847
1548 365 692 3100 13 
1848
21 816 3067 3068 3101 
1849
1774 3102 
1850
33 1557 
1851
175 3057 1399 3103 665 3104 2695 0 3105 3106 
1852
850 
1853
3107 
1854
245 850 
1855
1215 13 
1856
694 
1857
3 
1858
50 882 2799 3054 672 689 13 
1859
903 3108 
1860
3109 
1861
882 3054 
1862
3110 
1863
49 
1864
882 3054 49 
1865
272 3111 86 1984 
1866
3112 3 
1867
1271 704 479 267 331 245 13 
1868
885 494 263 734 3113 1528 
1869
132 
1870
365 
1871
3114 1242 670 2706 
1872
850 3115 
1873
711 1123 3116 
1874
3117 3118 
1875
242 
1876
98 816 
1877
850 
1878
3119 3120 
1879
180 
1880
290 3116 
1881
39 1838 334 
1882
2680 1735 
1883

1884
2720 3067 3068 3121 3122 
1885
24 350 2721 
1886
498 243 3123 305 
1887
3124 13 152 3051 
1888
2933 
1889
379 259 21 
1890
1783 689 
1891
98 931 2933 152 327 
1892
711 
1893
2482 2033 20 2799 2200 1812 882 3054 
1894
3054 3125 
1895
871 3126 
1896
3127 359 
1897
410 3128 2960 
1898
599 3051 694 704 96 
1899
1183 599 1414 665 744 2711 
1900

1901
264 272 1824 3129 166 2783 2784 
1902
50 282 325 2632 2504 
1903
98 220 1587 122 1288 1301 2000 
1904
1856 2422 
1905
3130 
1906
494 1132 
1907
3131 3132 412 2703 3133 1090 
1908
3134 3135 
1909
771 2016 2016 3136 266 
1910
560 1556 
1911
840 115 168 2366 
1912
3137 
1913
3138 49 50 
1914
3139 154 1817 970 
1915
154 3140 
1916
3141 3142 3143 213 774 2717 
1917
2597 
1918
511 1102 1707 758 29 1215 
1919
322 316 
1920
986 3144 3145 3146 
1921
1387 
1922
465 539 289 1720 
1923
792 264 971 
1924
1557 13 452 
1925
307 111 3147 
1926
3148 1097 135 1830 
1927
1720 1721 2279 
1928
512 2279 1073 2347 
1929
3149 1111 686 
1930
98 3150 3151 2338 2339 2279 
1931
2938 3152 2279 
1932
509 
1933
334 61 918 3153 
1934
918 3154 
1935
2159 319 3155 
1936
1192 15 
1937
38 3156 
1938
2591 3157 
1939
548 3156 13 122 3158 3159 
1940
2202 3160 
1941
892 166 1283 274 892 
1942
3161 1592 540 1031 716 
1943
3162 1031 716 642 3163 892 
1944
3164 3165 13 2861 
1945
3166 
1946
1181 1614 3167 766 1843 131 1399 
1947
3168 3169 153 3170 3171 
1948
3169 1399 903 628 
1949
1181 3172 3169 1399 3173 276 229 166 2080 
1950
220 2 3174 3175 841 114 654 
1951
3176 1587 
1952
972 447 
1953
1462 3177 3178 1961 3179 
1954
1765 
1955
67 248 1536 3180 62 33 
1956
807 630 67 956 
1957
2608 272 
1958
183 1971 130 168 
1959
316 
1960
3181 1506 2303 13 
1961
3182 61 24 3183 840 1149 2834 3184 13 972 
1962
98 
1963

1964
13 3185 3186 940 
1965
3187 3188 
1966
3189 447 3190 213 
1967
220 665 3191 
1968
3192 1544 
1969
659 115 3193 1607 
1970
1332 2608 
1971
2303 1587 2703 13 
1972
2839 122 274 266 168 1536 
1973
77 131 
1974
154 3194 38 1934 13 
1975
760 40 67 491 
1976
3195 1858 1859 13 2001 3196 1394 2001 
1977
2045 2686 3197 13 
1978
2824 800 3198 512 13 3197 2001 1414 13 1984 2367 1542 
1979
743 33 
1980
175 176 2000 
1981
98 220 280 77 13 3199 2080 
1982
1688 2000 
1983
114 1688 3200 2000 3201 3202 13 3203 2000 
1984
945 3204 1999 220 3205 1605 291 3206 717 3207 3208 1074 
1985
482 
1986
3209 1046 2000 13 196 
1987
3210 220 2000 
1988
3211 1301 3212 
1989
1430 2001 13 
1990
3213 2629 168 168 220 
1991
13 1067 2629 
1992
1999 2000 3197 2001 
1993
1999 282 121 1999 13 3214 
1994
3 
1995
220 450 274 2001 3215 
1996
3216 
1997
2472 168 2575 2000 
1998
3217 
1999
220 3218 13 1288 170 33 1999 892 1772 3214 3219 33 
2000
3197 3220 892 3221 
2001
3222 168 3222 168 
2002
3223 1233 385 1999 13 
2003
934 3224 373 3225 3226 232 3227 282 3228 2097 3228 
2004
558 168 1556 3229 2155 13 
2005
24 53 13 2000 
2006
38 3230 3197 13 3231 3232 3233 3234 
2007
220 3223 1233 114 2000 960 1620 
2008
743 1149 
2009
3214 
2010
20 
2011
3235 3197 
2012
2001 1735 1736 1004 407 2001 
2013
2001 743 13 182 3236 3237 3238 1394 1711 2000 3239 282 792 13 1288 1587 13 1711 
2014

2015
3240 2056 267 268 2102 3241 
2016
3242 
2017
13 334 270 271 
2018
963 
2019
3243 
2020
3244 
2021
45 139 140 3245 308 
2022
3246 
2023
1545 2352 122 511 3247 
2024
122 
2025
3248 836 
2026
1069 1353 1336 3249 
2027
120 3250 308 3251 240 
2028
3252 2702 441 3252 571 120 38 280 281 3253 
2029
302 512 1711 397 2429 183 3254 852 13 
2030
3255 
2031
1430 
2032
1587 13 912 1295 3254 1414 
2033
821 3256 3 
2034
280 281 
2035
821 13 
2036
13 631 512 916 571 356 3084 1374 280 281 2825 1510 3240 267 268 3257 1408 1918 1919 229 230 963 3258 1868 96 
2037
626 
2038
1599 308 120 
2039
3259 1638 3260 
2040
3261 3259 1638 584 397 2222 
2041
3262 122 3263 3264 1003 
2042
2774 
2043
52 280 281 
2044
510 511 3265 1324 
2045
1148 3266 1609 220 
2046
13 
2047

2048
264 3009 960 122 468 3267 3268 
2049
771 1534 1122 33 2204 
2050
3269 618 3270 
2051
3257 1408 
2052
3271 3272 3273 
2053
3274 
2054
548 1713 2230 2231 2232 3275 
2055
2838 3276 182 3052 
2056
317 3277 2104 38 266 
2057
465 3278 6 3279 
2058
488 242 122 
2059

2060
887 1324 245 1102 1761 
2061
5 31 
2062
2475 
2063
3280 
2064
3281 13 48 686 120 13 3282 3283 3284 
2065
2104 21 3285 
2066
2669 
2067
454 1732 
2068
1568 3286 3287 1735 1003 
2069
1247 1970 67 131 52 3288 1609 2703 
2070
3289 
2071
211 
2072
196 
2073
1428 290 
2074
1104 2275 3290 3291 2275 698 122 
2075
2165 
2076
3292 1453 
2077
3293 43 
2078
3294 2176 3295 
2079
104 472 3296 104 472 13 1675 
2080
2350 3297 417 62 1334 2672 
2081
3 131 3298 13 
2082
3299 1711 1157 3300 
2083
45 2293 
2084
457 3301 435 436 
2085
3302 3303 3304 
2086
1250 506 406 
2087
628 
2088
264 3259 3305 1782 1811 53 705 3306 1254 3307 3308 3309 53 3310 2134 1782 3311 296 3312 13 
2089
840 98 244 3313 
2090
2678 
2091
3314 3315 
2092
521 3316 3134 3317 1055 3318 
2093
131 3 2584 13 407 
2094
1696 1697 
2095
98 13 
2096
6 412 1698 
2097
1997 
2098
2763 131 3 3319 3320 98 
2099
1929 
2100
131 98 3296 359 2584 1972 2127 3321 3322 
2101
131 929 3323 
2102
1803 804 
2103
391 40 
2104
488 265 1346 2024 412 3324 131 8 
2105
825 1775 2049 
2106
1803 1943 1170 1 2 1720 1721 507 664 3325 400 3326 1545 3143 184 718 3327 3191 194 937 3328 2885 
2107
1945 2086 3329 121 367 217 1803 792 3330 
2108

2109
182 13 75 
2110
3331 3332 3333 299 3334 3335 3336 175 1646 301 535 575 3337 3338 
2111
398 
2112
24 381 382 1604 
2113
264 291 1591 3339 3340 
2114
183 889 961 3 282 454 
2115
2530 43 
2116
131 264 3341 98 
2117
739 2682 3342 
2118
430 1466 2366 
2119
40 122 3343 507 196 507 
2120
234 33 
2121
2610 2864 39 33 
2122
308 1259 3344 1710 1667 122 
2123
1235 220 8 322 1055 183 
2124
1312 3345 
2125
13 33 
2126
3346 
2127
272 310 1304 
2128
211 3088 452 
2129
3289 3088 452 
2130
1738 1707 3 
2131
1510 2894 
2132
3302 200 
2133
3302 200 3347 3348 
2134
3349 3350 1555 
2135
3351 
2136
272 1997 
2137
1181 
2138
3 1970 40 
2139
2273 
2140
3352 3353 334 1324 
2141
3354 98 3355 
2142
165 3356 
2143
1803 13 3357 3325 689 1803 
2144
3358 
2145
3359 13 
2146
613 1792 1501 2682 399 3360 3361 337 1932 
2147
3302 200 168 2366 1803 804 
2148
920 25 1001 519 
2149
220 290 3362 1394 840 
2150
98 13 
2151
3363 3075 2039 3364 3365 1031 3366 3100 12 
2152
1322 220 2122 637 13 
2153
2584 2703 98 3367 56 
2154
98 2975 2156 141 
2155
45 139 140 
2156
3129 166 
2157
821 
2158
840 3368 
2159
343 3369 548 113 3370 2232 29 3371 
2160
3372 
2161
351 
2162
3373 8 821 799 3374 3375 13 336 13 
2163
672 723 1539 1539 
2164
3075 2056 71 122 
2165
488 
2166
3376 3377 227 
2167
3378 2991 76 3379 3380 1254 1770 491 21 2912 1088 3381 
2168
1046 61 47 3382 
2169
1557 816 1626 2375 2533 
2170
98 
2171
1050 3383 220 13 
2172
40 
2173
637 13 
2174
327 1772 664 170 1003 
2175
1408 3384 
2176
2630 348 1408 3384 3385 272 3386 
2177
3378 440 3145 204 
2178
3387 
2179
916 1549 98 
2180
8 673 13 316 
2181

2182
3388 768 2703 146 31 8 68 1662 1663 
2183
210 430 262 1972 262 1675 479 2703 184 3344 278 1609 13 3389 2795 3390 
2184
2795 264 182 2281 3391 1822 3392 
2185
1787 3393 
2186
840 220 887 220 
2187
308 141 711 220 13 3200 196 
2188
316 1711 98 120 686 
2189
621 3394 2572 
2190
289 1812 450 13 
2191
3259 1638 
2192
114 220 
2193
265 3395 853 3046 
2194
3347 1322 3396 1337 2688 13 
2195
3397 13 3398 168 
2196
3399 995 1267 650 220 716 704 8 3400 695 417 62 
2197
3401 1334 3402 
2198
512 1860 1861 840 
2199
220 1995 196 291 51 1756 
2200
1242 239 871 33 120 13 
2201
762 76 8 758 3403 601 
2202
120 
2203
2786 2648 8 3404 3405 157 22 13 168 1251 120 
2204
903 707 412 166 1609 3406 166 1497 1355 
2205
3407 2347 2176 1839 407 2088 266 3408 
2206
8 575 3409 262 2420 1630 3410 1943 13 
2207
412 13 263 
2208
2628 182 13 
2209
8 
2210
3411 129 
2211
519 305 
2212
3412 
2213

2214

2215
1919 882 3413 1401 
2216
166 3414 13 282 
2217
3415 850 19 587 3416 687 683 
2218
61 3417 
2219
38 3418 2743 19 3419 289 61 576 
2220
871 3420 3147 3421 
2221
548 1410 220 
2222
2809 3422 
2223
3423 319 3424 539 
2224
3389 175 630 1003 1122 3425 559 
2225
1929 
2226
183 897 515 293 98 3426 274 1778 
2227
465 1329 81 
2228
2382 1329 81 1778 
2229
3427 
2230
131 
2231
3428 
2232
98 1699 3429 630 903 707 
2233
1892 840 3430 1467 
2234
47 977 
2235
23 3008 2949 1003 
2236
3431 3432 23 
2237
3433 380 3434 3435 3436 3437 2079 825 3127 
2238
3438 3439 1264 3440 
2239
3362 1626 
2240
98 897 
2241
1216 3441 3442 343 792 2159 132 33 2563 122 
2242
3443 3444 
2243
488 3445 1038 507 
2244
3446 3447 3448 3449 
2245
1858 1859 122 
2246
792 630 885 530 327 629 
2247
988 1317 13 3450 56 196 788 351 166 
2248
3451 3452 
2249
539 571 1286 3453 3453 548 3454 
2250
39 13 
2251
3455 1286 245 1703 535 3456 
2252
535 3457 378 
2253
378 3458 3459 3460 3461 692 3462 2666 3463 
2254
24 1007 1178 2211 1777 
2255
603 730 340 540 166 945 937 
2256
512 1138 3464 180 2122 
2257
3465 
2258
760 3466 821 
2259
3467 3468 3469 56 307 56 2753 319 45 2720 291 3470 451 319 
2260

2261
3471 3472 498 2630 33 
2262
1174 1369 3 319 
2263
3473 
2264
2742 208 
2265
343 
2266
3474 3475 166 
2267
449 895 1324 3476 
2268
2744 1841 3477 166 
2269
3478 1404 166 1149 
2270
1351 
2271
13 330 330 330 
2272
3479 
2273
38 166 2880 1760 3480 2152 
2274
3481 
2275
3129 166 43 3 1334 
2276
166 1410 
2277
2190 
2278
229 3482 274 3483 404 294 3482 
2279
269 3484 3485 3178 3486 348 747 2806 3482 3487 3488 1541 
2280
317 3489 619 
2281
65 3490 
2282
220 135 3491 940 294 6 
2283
2036 310 3492 1587 835 
2284
3347 401 166 135 136 
2285

2286
264 2822 1943 
2287
3493 
2288
3170 3494 3495 3496 3497 2313 2314 
2289

2290
3498 2231 
2291
970 3499 350 238 334 
2292
229 3500 912 1206 3501 
2293
3206 3502 
2294
1253 988 5 3503 1012 1915 3504 3505 3506 3507 3508 3509 
2295
131 2883 50 3510 2749 1398 3511 
2296
1892 3512 1430 3513 3514 591 
2297
229 229 131 3515 3516 1388 3517 3518 
2298
3519 
2299

2300
3520 1557 1812 1804 
2301
2061 1320 509 
2302
3521 3522 
2303
873 651 1015 365 192 3398 3523 2537 3524 131 1804 1153 1922 86 3525 3247 667 365 1158 131 3526 3527 3528 1042 
2304
1015 227 
2305
3529 2289 
2306
3530 67 3529 
2307
98 3531 3532 
2308
3 1949 2208 3533 131 3534 
2309
131 2175 3535 
2310
38 
2311
1972 2438 1597 2175 3536 2027 
2312
3537 3538 
2313
3 391 
2314
3129 2350 2301 1225 2301 8 1225 1669 1592 
2315
1085 3539 3540 1394 
2316
223 3541 3542 3543 1398 1085 
2317
3544 573 1972 
2318
263 1782 3545 512 3546 
2319
98 3547 289 311 801 496 498 1557 3548 263 
2320
3549 3550 3551 3552 3553 3554 
2321
272 33 1235 131 2175 3555 3556 3557 2117 5 3557 3556 
2322
840 1043 219 77 219 
2323
272 1014 493 
2324
2175 3558 313 1430 3559 3560 3561 3562 
2325
3 131 391 3559 3563 3564 2895 244 1585 3565 3566 3567 
2326
585 272 
2327
3568 1287 
2328
3099 1283 1201 
2329
291 1122 2175 3569 3570 
2330
1192 1609 1369 3571 3572 1283 3573 3574 
2331
1242 2175 313 3556 
2332
52 3569 3194 3575 2175 3556 1509 
2333
131 3576 379 3577 
2334
131 2537 3578 2127 
2335
3579 1042 914 
2336
1102 3247 2946 
2337
98 3580 618 286 3581 3529 571 3582 1001 
2338
3583 322 972 3584 
2339
984 3585 1606 
2340
2301 3247 3586 2103 3247 3587 3588 3589 639 66 1129 
2341
548 3590 3591 1453 588 3592 3593 3594 
2342
3595 3591 3563 3596 43 3593 3594 1496 
2343
3597 498 67 2208 
2344
98 2282 340 309 2293 1586 3598 3599 3600 6 
2345
3557 3556 1174 3601 
2346
131 2946 3 391 
2347
3 21 2946 1793 131 1253 3602 2316 
2348
176 2208 
2349
2537 2208 3603 
2350
1357 3165 3604 3603 2208 
2351
330 
2352
1599 3605 3556 660 168 2435 3606 239 1592 3607 236 76 
2353
343 3563 3247 3556 
2354
2282 20 2175 2282 1509 2947 1509 3 21 3608 3609 131 
2355
131 114 419 3529 1585 1804 3610 1161 0 3611 3612 25 204 2321 
2356
1743 1806 491 3204 3613 230 259 3614 237 2282 
2357
3282 1042 2112 
2358
398 3615 
2359
2208 2282 2208 2284 588 3616 3617 
2360
1283 2282 3616 3617 
2361
2438 548 3618 3619 2282 2284 2112 3617 
2362
2208 2282 
2363
1015 3620 3621 1015 1585 234 588 
2364
1015 1042 1585 
2365
234 588 
2366
2208 2282 2175 2282 3622 2208 
2367
3623 131 3 1367 2175 
2368
3624 114 526 3577 1015 1020 
2369
1283 2175 2282 3625 3626 3627 
2370
2208 3621 3617 
2371
3628 3347 1141 33 2012 2208 238 2284 2112 3629 2282 1585 1039 
2372
2953 428 1038 2284 3630 2961 
2373
1676 
2374
2282 
2375
3631 3416 1613 3632 987 136 3556 3633 3634 3633 
2376
3635 
2377
3595 3591 3563 3596 43 3593 3594 1496 
2378
31 1509 571 6 650 229 1111 3636 2208 1783 2103 
2379
2688 131 1249 867 1048 2946 
2380
52 3637 2438 2512 182 
2381
1102 3638 1003 2940 
2382
3639 3247 52 5 1091 
2383
1258 3640 1700 
2384
178 264 3641 2438 
2385
2282 3642 1048 236 154 3129 
2386
2713 3643 
2387
3644 657 130 6 
2388

2389
3645 2208 2103 
2390
3646 176 2208 39 3617 3647 131 2175 
2391
1979 407 3648 3649 3650 
2392
1102 3563 2175 3617 
2393
2112 2332 
2394
5 3210 840 355 3563 3651 
2395
2208 3616 3617 
2396

2397
407 2112 
2398
3652 2282 1015 3617 
2399
1506 
2400
1549 
2401
3083 1242 613 1536 
2402
3210 960 380 1042 907 3653 3654 892 3655 3656 2571 3657 2228 3658 1743 
2403
3653 3659 2598 3660 495 3661 2571 348 3662 3663 3661 2571 348 3653 905 3664 3665 3666 3667 3116 2571 348 
2404
3668 892 340 2564 655 905 3669 2571 3395 2712 650 802 3662 2571 9 3661 1403 1999 2571 1667 348 3116 495 3661 
2405
1401 3662 2712 3670 1999 3671 3672 3673 3674 840 206 2571 282 3675 495 2571 3676 2565 3677 1073 
2406
1020 3678 2571 348 3116 2228 3679 2439 3657 3680 1234 3681 2565 3677 1073 
2407
3682 3653 905 2977 614 3191 1124 3321 3683 3684 3685 1913 651 905 723 613 
2408
1272 3664 905 2712 51 3686 3241 153 51 33 
2409
311 664 340 907 3687 
2410
3653 340 2564 3655 3656 2571 3662 2151 
2411
2564 3688 3689 3661 2571 
2412
26 664 905 340 907 3690 3689 3691 920 1401 3692 2151 2571 2935 237 412 3661 1073 672 412 3661 3677 1073 
2413
3690 905 153 105 
2414
3653 3655 3662 2935 237 412 1073 3661 2571 348 905 153 105 
2415
153 105 322 3687 905 3657 1333 3241 3693 2368 3684 3664 
2416
1073 2712 3694 2686 
2417
980 1073 2686 3241 2686 
2418
892 905 3695 2228 3657 3653 650 3655 380 380 1667 3696 1212 3694 389 
2419
343 282 9 905 3697 613 530 264 245 380 
2420
3 3698 905 613 2470 3694 
2421
245 1073 2537 907 479 3699 
2422
3698 1288 905 1479 1118 723 667 3700 892 3701 3699 
2423
3266 3702 3439 3703 3704 613 21 907 3661 3705 2571 1093 3706 613 3699 
2424
3707 3708 3675 2949 
2425
1557 110 3709 977 565 3710 892 340 907 1371 2712 3711 449 3657 3656 340 2178 3712 407 3622 3713 3108 3714 3309 380 3715 
2426
234 2262 1192 380 3707 182 3716 760 3622 3717 836 576 934 2785 
2427
1534 3718 1465 3656 2571 348 3657 1169 3048 3719 3674 2712 380 1073 3656 2571 348 1169 3720 1073 3721 2866 2571 348 614 
2428
2368 3309 380 3715 3722 3723 3724 340 907 2571 3725 
2429
269 3726 182 509 
2430
2211 622 135 
2431
3727 1289 265 1073 340 245 3704 135 
2432
3727 264 732 613 380 565 153 3694 
2433
62 1802 3728 565 1579 3729 
2434
2200 3730 3726 3731 189 
2435
3732 274 135 131 3108 33 1073 81 
2436
343 239 667 3 1351 3351 
2437
1530 3733 3734 
2438
1872 1228 905 1073 3686 1073 
2439
1289 3735 3736 622 1251 153 3737 
2440
258 3737 3736 622 
2441
3738 2895 330 380 1124 
2442
3739 267 3694 1073 340 905 194 1385 136 
2443
182 
2444
3740 3741 3742 3666 3699 3693 131 613 245 3743 3693 3744 3745 
2445
322 3746 
2446
1068 342 613 3747 340 905 1317 3710 3689 3748 613 3749 
2447
3750 3751 3752 
2448
1075 331 3753 3633 3754 
2449
1700 38 28 
2450
539 3755 3756 1401 3653 
2451
380 340 449 3018 
2452
153 1913 3757 
2453
484 3758 355 1093 1228 
2454
3759 943 3760 165 
2455
67 289 2571 3761 1607 245 3653 905 
2456
3762 3763 2762 
2457
245 2571 2211 38 85 81 131 613 
2458
407 2712 258 571 
2459
2712 258 3764 3765 3766 
2460
1025 3108 340 1012 
2461
380 613 11 1020 
2462
372 3653 905 
2463
2732 
2464
2961 1237 181 
2465
317 181 
2466
682 3767 3768 
2467
2764 3748 396 3653 905 1675 
2468
372 3769 3770 2689 359 3771 622 1208 3770 854 3664 1675 3685 613 1913 905 3725 1357 
2469
768 319 1913 610 3772 
2470
3773 3774 33 1913 331 
2471
2219 3775 3776 506 613 1913 3767 
2472
3777 3699 1357 3685 721 19 
2473
1675 396 1596 1839 1073 396 3778 3742 340 905 
2474
3779 238 651 1269 76 386 2816 3657 896 291 168 3780 3781 1807 962 
2475
962 
2476
3782 3783 613 1472 1401 2067 135 689 2816 258 
2477
3784 347 3785 3786 340 2564 3653 
2478
993 1451 3787 
2479
3690 
2480
622 342 
2481
3788 
2482
873 3789 3790 2564 
2483
325 135 2470 3791 
2484
15 631 3653 3792 3793 1183 
2485
3794 1451 3795 3088 1206 2146 943 3760 
2486
3796 1073 2712 
2487
3241 153 1875 33 3694 153 
2488
622 3796 1073 2712 
2489
3 3797 774 3798 3653 
2490
33 1913 
2491
1599 769 
2492
2122 945 573 588 3653 3799 245 3765 3716 3628 21 131 892 1968 3800 3801 
2493
272 1970 
2494
245 
2495
3108 3802 614 
2496
2806 258 3803 3732 3804 1073 
2497
1073 3805 3737 
2498
3607 131 3603 3801 
2499
679 3698 340 905 
2500
907 3697 
2501
3732 701 1206 3763 340 905 
2502
1503 892 3699 
2503
3730 2919 1050 3806 3677 
2504
667 449 3657 3807 3808 3681 3681 
2505
3809 667 
2506
3810 916 3811 379 3812 1212 
2507
3799 1073 1073 539 3686 1212 
2508
33 3813 380 1124 1216 1333 
2509
306 613 131 340 
2510
1534 1240 3814 1073 
2511
3387 
2512
2049 3815 3732 613 3681 294 2368 319 340 
2513
274 1357 340 905 301 245 380 
2514
289 348 2151 
2515
21 695 114 1334 
2516
3816 3817 
2517
872 1073 131 3732 1150 67 21 348 2571 
2518
760 245 1781 21 2878 2914 2712 
2519
3818 613 3704 264 115 2914 2729 313 2914 
2520
245 615 3819 76 3820 2712 
2521
694 
2522
1824 2571 2211 3653 1073 2638 
2523
3821 
2524
613 272 3726 
2525
586 3822 1556 1455 67 327 2252 
2526
581 3758 1556 2377 905 3823 3824 340 892 3704 3694 
2527
6 3825 3686 3826 482 1436 380 
2528
3609 3827 67 3704 905 153 33 1271 1875 342 334 
2529
172 613 385 1073 153 3681 348 2571 
2530
3828 
2531
178 21 3829 
2532
81 166 3801 585 3830 3831 3414 81 319 50 
2533
1025 891 386 81 1169 1206 3832 3833 3834 1214 571 701 1206 1962 
2534
131 231 59 891 
2535
239 245 340 1388 3607 131 6 
2536
189 981 613 1289 622 340 245 3704 135 
2537
3516 1503 3 81 
2538
977 380 1913 3389 977 
2539
3653 1073 131 3830 3553 
2540
555 245 380 3835 
2541
3836 3837 
2542
2771 
2543
679 3838 
2544
1449 3664 1551 3657 892 3653 
2545
330 1396 1910 
2546
599 3839 
2547
3305 
2548
1333 1073 135 1289 
2549

2550
340 272 
2551
1012 3 854 2470 131 380 3840 3604 3841 1481 3842 2067 
2552
1696 3843 613 3844 
2553
137 
2554
3699 3009 613 1279 
2555
3669 1536 2571 947 2712 
2556
1521 
2557
3699 1025 947 2712 
2558

2559
3845 67 2564 892 613 903 667 1473 
2560
3653 3846 575 1637 
2561
892 1069 701 3847 3848 289 3849 
2562
732 3850 3580 3018 
2563
3738 3851 1015 
2564
225 3852 1237 2368 
2565
1178 3825 3309 3853 2935 2478 3854 3855 1153 3856 3857 
2566
210 3738 3858 3018 3624 613 
2567
50 1289 3859 3860 
2568
2571 2211 3861 
2569
81 0 380 
2570
760 3862 760 
2571
220 588 
2572
81 613 245 259 
2573
892 2743 1324 613 
2574
5 6 2122 5 3 1743 263 131 1073 3863 966 
2575
873 1216 168 1381 380 3715 
2576
272 3864 2148 
2577
343 3865 21 
2578
3866 2688 267 86 3867 67 86 3868 1020 
2579
3810 373 907 3869 76 571 2179 571 3870 3846 
2580
33 329 3624 
2581
1193 3574 
2582
3871 
2583
977 2934 
2584
541 2304 3872 977 3872 3873 3874 98 3875 3876 698 3589 3877 3589 1206 3878 1490 3879 3760 1291 3880 104 3881 3882 3883 389 3884 
2585
1020 39 1206 576 
2586
3885 3620 282 2175 3886 3887 3888 1203 
2587
2321 
2588
3889 2387 3890 33 3815 554 3891 3890 33 3321 
2589
3892 3587 426 3727 3860 398 3872 
2590
407 2321 1962 3893 3763 3894 2946 3895 3896 3897 
2591
3872 977 176 114 2321 1169 552 1193 3896 3898 194 
2592
977 3899 131 484 536 1398 3872 1036 
2593
343 3900 3860 3901 
2594

2595
1509 3872 3902 977 
2596
3872 3903 61 3904 
2597
21 
2598
3872 3867 
2599
1291 3872 3564 1291 3872 
2600
2739 
2601
3210 1804 2321 3525 3905 3867 194 3321 3872 311 2946 3899 3906 3907 3908 1776 1391 3909 182 1331 3910 3911 220 267 1042 3912 1549 2631 1020 
2602
536 560 2375 3913 536 560 2375 3914 3915 1375 154 670 3916 3917 876 1579 491 3918 1391 
2603
168 650 491 553 
2604
1548 2122 1776 3919 3920 3207 3774 2605 961 3921 319 3502 116 3922 2061 3923 
2605
2947 1776 
2606
841 3924 3925 3926 3927 272 3928 3929 3930 1294 3931 3930 
2607
3931 2739 
2608
3388 2238 3932 667 3933 170 120 2946 841 872 272 3934 3935 2252 3290 2895 3876 3924 
2609
2688 131 131 194 491 1153 1291 194 
2610
760 
2611
11 977 3389 1367 3889 3936 3937 
2612
1536 1961 1169 
2613
184 
2614
3 1961 1169 1199 1962 
2615
512 3938 3939 
2616
977 130 491 1551 3753 2855 135 131 
2617
3 391 977 1206 1291 3872 3867 
2618
2785 527 
2619
3940 1123 1291 1025 3867 245 3872 
2620
977 3941 3942 1206 1437 3943 176 925 
2621
114 289 3872 977 1291 1110 
2622
1199 1962 3944 
2623
1557 21 
2624
2688 267 3867 
2625
51 977 2934 925 2934 3945 3946 3947 
2626
3948 194 3948 
2627
3903 131 
2628
3587 3903 131 3949 2688 256 3950 
2629
3727 3903 131 3950 105 3885 1110 131 
2630
3583 5 3872 804 3951 816 1968 313 1579 3574 
2631
272 2878 
2632
1087 1509 3952 2175 
2633
289 492 
2634
131 3953 3954 3952 
2635
131 3952 3575 1509 
2636

2637
3955 1206 1291 3872 3867 
2638
3858 2400 1223 3956 3858 3957 471 491 3958 
2639
245 977 3872 3867 3959 3960 923 1391 509 
2640
2321 3961 2325 1961 1169 116 3588 3962 3419 1128 560 2375 116 3388 
2641
451 3963 3964 3583 3965 
2642
3966 267 1042 1544 3872 3867 1465 3678 1206 1291 1961 1169 1199 1962 3875 3589 
2643
267 538 2321 
2644
2321 3967 15 3577 267 272 98 3058 2127 456 
2645
456 3968 985 1281 3587 3941 1962 1937 3969 
2646

2647
267 1549 1843 
2648
2946 1367 491 
2649
491 3903 131 
2650
491 
2651
131 227 484 131 
2652
548 2514 3970 2438 3971 3972 3973 2438 3974 536 3872 105 3872 3975 3890 3976 
2653
548 3977 2231 1206 611 584 3978 2946 1398 3872 
2654
398 3979 1950 3980 3389 3981 
2655

2656

2657
38 2400 
2658
196 987 1534 259 684 
2659
711 
2660
3982 
2661
3983 2036 154 
2662
2175 3583 
2663
61 1004 
2664
494 11 2175 2919 3534 
2665
2175 2175 493 1425 21 5 
2666
267 131 3018 
2667
3984 3620 594 3637 398 3985 3986 1509 3987 
2668
977 1206 1291 3872 3867 
2669
2688 3867 
2670
3988 244 
2671
1804 1428 373 2963 421 428 
2672
2963 3867 
2673
1579 2935 
2674
267 
2675
21 
2676
821 272 799 3989 
2677
1086 3989 1118 1401 3990 836 
2678
1961 1169 1199 1962 5 977 
2679
3718 1534 3589 3991 2700 3992 2400 3557 2401 664 233 2987 3557 3936 3993 2321 1962 176 3994 3743 977 639 1427 3995 1236 3617 1491 3996 3997 1427 999 3998 3642 3636 3999 4000 3872 6 272 903 4001 3872 105 1216 2695 2695 4002 4003 
2680
4004 
2681
3188 272 1579 
2682

2683
272 2688 267 
2684
155 3903 
2685
2346 573 
2686
539 2940 4005 1509 
2687
4006 4007 
2688
3727 
2689
2688 267 3867 2785 576 934 
2690
760 2688 267 3872 3867 
2691
2688 267 3867 
2692
264 4008 
2693
3429 4009 2882 
2694
760 2688 131 1398 3872 926 132 977 925 3961 
2695
1667 180 
2696
104 3871 4010 
2697
3867 4011 3872 4009 428 1607 
2698
4012 760 
2699
365 3 3866 
2700
178 923 3866 
2701
3 2175 3510 1198 2175 3534 
2702
131 116 21 
2703

2704
599 760 2688 267 3867 3872 3678 3867 
2705
3 
2706
21 2688 267 
2707
4013 131 194 194 
2708
1069 2688 267 428 1016 
2709
530 267 3035 4014 4015 4016 3192 1961 
2710
916 39 3867 114 194 3872 
2711
1149 1743 131 2605 961 3075 
2712
1453 2346 573 1466 1004 
2713
11 4017 
2714
182 61 3866 
2715
4018 
2716
1247 4019 4020 1110 3903 
2717
5 3210 2688 267 
2718
491 2981 3 650 
2719
272 1549 2394 2328 391 
2720
3 391 4021 
2721
1398 3872 3867 594 1398 4022 1968 977 2321 1291 
2722
3617 771 1667 1737 3581 1089 4023 885 3210 
2723
4024 
2724
687 1555 3620 4025 2282 3617 
2725
687 
2726
131 1089 391 3870 2175 5 3210 
2727

2728
4026 4027 
2729
398 170 148 3583 
2730
5 3210 
2731
2346 5 21 
2732
131 502 219 1043 115 491 86 
2733
1027 
2734
2688 267 456 131 491 
2735
4028 
2736
594 4029 
2737
3961 2295 3899 4030 1281 
2738
1961 1169 4031 1291 2564 4032 1281 
2739
2113 3854 4033 1700 
2740
4034 1199 3760 3204 
2741
51 
2742
1230 51 2113 3854 4035 3854 51 
2743
3389 
2744
573 
2745
3 
2746
2688 3867 131 272 1110 131 355 491 
2747
4036 
2748
3867 2282 3 194 4037 3588 
2749
183 3903 
2750
272 4038 3872 3903 3903 
2751
4039 21 1020 4040 396 1216 
2752
1804 2688 667 
2753
7 115 1483 2688 267 4041 4042 1509 170 
2754
2688 267 1783 1245 762 1476 560 4043 1394 
2755
5 
2756
3 2688 267 3872 3867 760 
2757
3867 194 3727 1224 
2758
2031 1398 3872 3903 4044 1509 
2759
594 
2760
267 183 1961 3899 
2761
1183 2688 267 
2762
272 4007 1743 
2763
2688 267 3867 
2764
4045 3872 3867 2688 267 
2765
245 391 2537 3872 3903 1024 509 
2766
131 
2767
4046 1101 
2768
4047 194 3872 4048 3860 
2769
331 4049 4050 4049 907 
2770
3872 4051 
2771
2956 3872 3903 670 
2772
4052 498 3667 3872 3903 1391 509 
2773
841 3628 3617 52 
2774
1183 
2775
3617 2282 3696 3282 2284 3583 2284 4053 33 905 
2776
237 3897 4051 3833 
2777
128 4009 82 2688 267 1258 925 131 491 
2778
182 2688 
2779
667 1585 194 
2780
289 3866 
2781
2688 3867 267 
2782
1046 3964 3583 1375 374 10 795 1111 3964 636 
2783
479 2959 3583 1041 3193 3624 
2784
494 2959 3193 3583 1041 3624 
2785
3174 
2786
3299 
2787
1675 1970 3529 3193 3579 694 2753 
2788
4054 3964 
2789
3333 168 213 29 1034 2112 3583 
2790
3854 2112 1979 4055 3583 3217 2325 4056 2755 1985 656 
2791
4057 1671 3563 1183 
2792
3430 3217 51 4058 4059 3964 289 213 2946 3588 4060 1979 4061 
2793
2112 33 4062 700 564 287 3077 4063 264 28 
2794
1031 942 4064 3387 
2795

2796

2797
451 1039 4060 4065 4066 4067 
2798
4066 51 4068 4069 4070 1216 2198 4071 
2799
657 51 4059 4058 3595 3583 428 4072 1985 656 
2800
1524 67 67 3217 
2801
491 530 3583 2112 
2802
3553 4073 1537 4074 286 3563 3513 
2803
1233 3 3622 
2804
1007 2805 1240 4075 732 4076 1038 451 4075 3583 289 
2805
1779 4077 942 588 2202 11 1031 4078 4079 4080 1564 
2806
4081 289 4082 
2807
313 1206 1437 2860 3872 804 
2808
2187 527 571 4083 4084 3583 4085 3930 4086 4087 509 4088 4089 4090 413 98 4091 
2809
245 398 86 
2810
2612 3416 656 4092 2282 3574 571 52 
2811
1041 282 1118 903 571 3584 943 3416 1206 
2812
2282 1883 
2813

2814
1042 729 
2815
31 491 571 
2816
4093 707 21 
2817
3965 4094 
2818
4095 3725 1979 3878 4096 61 3193 656 
2819
3193 656 39 4097 4098 2204 4099 
2820
4097 4098 61 3193 147 
2821
4097 4098 3878 4096 1122 4100 656 3193 267 1042 1311 931 
2822
3193 606 2928 1699 672 4101 1294 4102 313 1501 4096 4103 1110 2337 313 4104 4105 2295 4096 897 4106 313 4107 4108 3617 1585 4076 3193 1122 4097 4098 4109 3419 4105 4110 4111 4096 4047 
2823
267 1042 1311 793 3919 
2824
793 3919 897 4112 3388 3982 3529 3718 2779 4113 876 3525 2068 3758 895 4114 3199 
2825
4100 3617 656 168 4115 4113 
2826
4100 3617 656 4116 4117 3884 3388 1388 4113 2387 
2827
1407 1408 407 3964 640 3193 313 3725 1979 3878 4096 267 1042 1311 907 1979 3878 4096 4096 3906 3193 656 897 4109 
2828
150 4118 2783 1375 4119 4120 4121 3583 
2829
3583 934 4122 428 2710 1410 4123 3595 548 1410 220 4124 
2830
319 1041 4125 4126 
2831
2733 1099 1068 1015 3247 3878 115 220 4127 4128 
2832
4129 4130 77 219 
2833
2284 274 1043 1042 2360 123 1783 1245 
2834
274 1043 123 2934 4131 4132 4133 1872 
2835
1203 925 2113 4134 559 3961 4135 4136 195 4137 601 4138 4139 1551 76 1707 
2836
1203 960 4140 1153 4141 4142 2358 3193 
2837
274 3574 313 2743 4143 319 1500 330 176 1612 
2838
2798 3574 3575 3924 313 2068 3432 1122 2512 4144 4145 4146 4147 1231 
2839
4148 123 2258 4149 4150 3633 713 942 4151 86 713 
2840
3212 1381 656 428 4152 
2841
2391 1203 3564 4051 3891 4153 1357 1122 977 3897 459 1122 4154 4047 4155 4156 4157 
2842
1203 398 2798 3574 3 3587 4158 
2843
4159 
2844
1970 3193 1369 2282 
2845
3583 971 3889 4160 141 2284 1235 729 
2846
3583 1015 3556 131 4161 1675 2284 1015 4143 1783 1245 767 
2847
2630 33 
2848
1118 3553 4092 
2849
999 3617 2282 3583 2284 
2850
249 4162 
2851
4152 200 4163 4164 4165 1814 1814 1814 
2852
5 3210 885 2175 3079 245 77 219 
2853
4166 1042 
2854
716 1015 512 2688 1509 4167 2284 398 4168 176 767 767 
2855
1015 
2856
380 1124 3992 
2857

2858
3964 3583 571 3584 2776 1201 
2859
1507 2284 1089 4169 1203 4038 1375 374 3583 
2860
3583 3933 
2861
3583 1675 2282 3161 1201 
2862
3516 1509 4170 245 3896 1700 1835 4171 1041 3964 48 599 
2863
61 3617 3 599 4172 3952 1237 
2864
934 3709 4092 4164 
2865
1248 1087 409 3709 4092 
2866
128 1779 4173 3247 1902 4174 4175 3677 1534 2435 
2867
4176 1208 4177 4178 3709 4092 4179 957 3622 1208 1201 4180 1669 1203 
2868
530 1980 4181 1201 1481 4182 4081 4183 4184 1087 3709 131 4185 957 4177 1043 1208 4186 4092 4187 3709 
2869
4081 3583 5 4180 4188 841 1237 3583 4092 4189 4190 3758 4191 943 4192 1237 235 
2870
6 2733 272 3964 3583 
2871
1781 331 
2872
1458 3564 3897 1281 245 
2873
977 3589 1398 3874 1272 2567 3874 4193 782 2567 114 4194 4195 
2874
2094 341 2368 907 3564 1178 4196 2387 3678 977 1427 2368 2775 876 509 1552 
2875
3875 2775 4197 1465 4198 2775 4199 4200 
2876
4105 3878 4096 67 131 4201 907 331 4096 3858 1150 2743 2293 1063 
2877
194 4096 3 4202 3872 804 
2878
296 4203 
2879
3416 3247 4042 
2880
4204 
2881
131 8 1118 6 4205 2765 4206 611 1201 1481 1022 3416 131 
2882
611 3964 1118 1022 
2883
4207 1579 3516 1275 3620 4208 330 1236 
2884
3 2284 1043 
2885
861 1201 2733 265 3284 
2886
313 4175 575 3311 3886 
2887
4209 40 1783 1509 
2888
573 945 548 1970 1042 1972 4210 4211 
2889
3583 1375 374 905 4212 310 4212 2284 3212 
2890
407 4213 2282 1585 3502 3278 1311 
2891
1883 123 3398 4214 4215 2282 3886 
2892
3286 1287 1201 1311 560 1258 2270 
2893
3698 
2894
573 2175 667 
2895
488 
2896
239 2284 1783 1245 21 
2897
1206 3583 582 1216 114 3964 4216 4217 
2898
1544 1394 491 4218 310 4130 3296 3945 
2899
3584 3247 
2900
325 67 4219 2175 3529 1144 1606 2175 
2901
4125 4126 
2902
3583 2284 4220 2946 4221 1977 
2903
471 3965 4222 
2904
4223 840 2284 3659 4005 795 1509 
2905
3659 4005 1783 1245 264 348 3834 1271 704 4224 4225 
2906
3 
2907
1041 2537 2273 4226 3574 
2908
4227 4228 4229 3617 4172 2688 4230 
2909
3210 3964 571 2776 
2910
2946 2117 3965 3416 
2911
33 1118 1375 374 4231 
2912
1609 131 21 
2913
1294 
2914
313 618 
2915
4232 
2916
367 
2917

2918
4233 101 290 
2919
2946 274 1579 
2920
178 313 4105 2733 313 4105 4232 
2921
208 2222 245 274 3574 39 1544 
2922
679 245 873 1843 3502 121 
2923
38 1812 39 512 3351 3583 1287 4234 656 
2924
11 507 
2925
2801 131 4235 885 
2926
234 2282 3617 4236 613 
2927
2175 1585 
2928
494 3529 3583 
2929
1201 3529 3982 
2930
2244 4237 452 706 4238 
2931
0 4239 2350 956 
2932
2284 1043 3193 4240 123 176 3743 4225 313 380 1124 3620 3621 
2933
282 3868 
2934

2935
131 
2936
4241 2138 310 131 
2937
3964 3583 1481 1414 2903 
2938
905 1036 905 
2939
61 2284 1174 313 1783 1245 1201 3214 
2940
548 4242 2968 3037 3038 3039 4243 1375 374 646 
2941
1042 
2942
178 3 3964 3583 1042 1585 
2943
2222 
2944
2963 
2945
11 760 4244 3617 
2946
86 398 4245 
2947
319 270 4246 4247 
2948
714 31 1675 
2949
1004 2882 2839 
2950
4248 4249 245 267 1153 4250 
2951
561 
2952
4251 4252 
2953
679 1585 4253 760 1118 4254 
2954
97 294 4255 
2955
1102 3638 3193 3638 3529 
2956
4256 1042 1675 
2957
4257 
2958
131 760 77 560 204 4258 3903 3889 512 3790 1375 374 
2959
760 1118 4259 4260 1509 131 2175 
2960
3964 3583 1544 3574 
2961
165 2018 
2962
1310 2512 452 3915 
2963
38 1907 1301 
2964
183 1557 4261 4262 
2965
1988 4263 4264 3623 
2966
1163 3735 
2967
4265 512 1557 2438 
2968
4266 3856 168 
2969
575 4267 1743 
2970
38 2197 1512 1324 19 264 1910 
2971
1521 1557 4268 3670 2197 2508 4269 33 4270 
2972

2973
343 816 3331 4271 3367 4272 4268 1501 1020 1020 
2974
4273 1564 802 810 149 245 289 4274 3868 4275 4276 4080 
2975
4277 
2976
1069 4278 2617 2617 2912 
2977
2897 
2978
264 220 4279 3326 
2979
4280 
2980
539 
2981
4281 
2982
4282 4283 220 
2983
4284 4285 
2984
4280 4286 
2985

2986

2987
230 4287 4280 4288 
2988
2031 4280 4288 4289 4290 3393 
2989
1971 1287 4291 38 33 
2990
1970 67 227 345 168 1349 4292 213 3404 48 
2991
4293 1703 
2992
1703 38 2970 
2993
4294 4295 
2994
213 
2995

2996
780 600 2211 
2997
8 4296 
2998
4297 4280 4288 
2999
220 4298 
3000
4299 4299 4299 379 4300 4301 272 2273 
3001
1609 
3002
1247 227 4302 311 4303 
3003
4304 4305 873 2798 2627 
3004
3372 4306 
3005
4307 
3006
498 289 4307 4308 3372 4306 
3007
1247 
3008
227 838 4309 4310 4311 4312 
3009
1972 4312 588 8 4311 885 2230 2746 560 1370 4313 907 819 4314 
3010
3035 227 810 2746 4315 4310 1280 
3011
3035 
3012
2160 132 1075 767 
3013
3 
3014
564 588 4316 4056 
3015
4073 
3016
3174 20 4317 650 
3017
440 131 388 692 1240 
3018
4318 4186 4319 4320 4319 575 3801 4321 
3019
1385 1294 331 1781 
3020
1592 4322 1786 
3021
2963 105 4323 3372 
3022
1800 11 3174 
3023
213 
3024
4324 4325 4326 
3025
4327 4328 803 3906 
3026
3299 693 4310 4329 
3027
1137 3492 500 4330 4331 1800 693 
3028
4332 1014 4333 82 4334 
3029
4335 43 4336 
3030
1530 1727 311 213 4337 4338 
3031
498 4339 4262 
3032
4340 895 1264 1509 891 
3033
1557 4341 1950 4342 4343 1961 3754 4343 
3034
3046 129 4344 4345 4346 4087 4347 4348 4346 1667 4347 4349 988 4350 4351 548 4352 4353 4354 4196 4355 2438 4355 
3035
398 1907 1551 500 1164 1152 131 
3036
2364 1248 3046 4356 
3037
3046 5 820 2778 4356 3725 67 
3038
2252 67 3046 
3039
3046 282 3398 3224 304 1093 
3040
4357 1551 3934 3161 4358 172 1555 1524 1503 2861 
3041
172 4359 4285 
3042
1902 4360 
3043
1093 670 512 1902 227 282 1252 
3044
245 3735 1535 1295 3046 2778 4361 4347 
3045
4362 3423 61 4363 385 934 
3046
1562 4364 3889 
3047
3735 3046 282 1277 76 1124 
3048
687 1067 4347 1048 4347 4262 
3049
509 3725 694 506 168 168 2122 4347 4365 3046 38 4366 
3050
4347 2860 4306 4367 1667 282 4368 4369 
3051
131 2252 1861 
3052
4347 3046 
3053
4370 
3054
4256 1197 4371 
3055
2277 4372 4373 4374 
3056
2438 1234 171 4375 1987 4376 4377 
3057
526 4378 
3058
4378 
3059
4379 4380 4381 3995 3225 4381 3582 4382 4380 2589 4383 
3060
4381 619 4384 4384 
3061
4385 1128 4381 1234 3667 4377 
3062
4385 1344 3395 4386 4387 586 582 
3063
4388 1181 198 2114 
3064
4389 
3065
1439 
3066
4390 4391 4392 
3067
3 391 4393 1388 1206 1556 
3068
4394 836 4162 937 792 1253 1556 2739 
3069
541 2310 
3070
3 1334 2946 3876 2265 4395 272 4396 4397 2401 867 1394 
3071
3588 4162 
3072
4262 1703 4398 204 4399 
3073
4318 
3074
3985 131 
3075
4400 686 131 4393 
3076
1111 1394 489 
3077
4401 50 4402 4162 4318 2031 4403 
3078
3382 
3079
4404 4405 3502 789 4406 4262 4407 1124 4408 4262 2295 4349 4409 4410 4406 
3080
4411 582 3623 586 4412 3225 661 4409 4318 
3081
1987 3677 4407 154 4410 4413 1464 4409 3758 154 1124 4414 4415 1294 4416 
3082
154 4414 4415 1294 4416 154 1124 3947 4409 168 4417 897 4410 4413 1464 154 154 
3083
1518 3677 504 4418 4419 4407 2295 4349 3195 4409 4414 4415 1294 4416 154 4410 4413 1464 4318 4409 
3084
548 4420 4196 4421 4422 4423 3976 
3085
4424 148 3856 1294 4425 1453 4420 4426 
3086
4425 165 1453 33 2949 
3087
2688 165 1153 3623 4427 767 204 
3088
548 4420 4196 4425 3192 4428 
3089
319 131 4402 
3090
365 4429 
3091
1777 4430 
3092
3902 1464 
3093
3 1694 1806 2262 1777 3225 1464 1777 
3094
385 4431 3296 
3095
67 4432 4318 876 937 4162 1294 
3096
170 821 38 4433 999 491 4318 3906 456 235 
3097
491 265 3906 4434 4435 651 4318 1150 67 4436 
3098
33 2852 2438 816 4266 2307 
3099
4437 1609 
3100
31 4438 2438 692 2114 2506 4439 3671 195 1970 4440 336 2438 4441 4442 428 
3101
659 391 1630 21 
3102
4443 
3103
213 
3104
599 886 4262 278 350 2798 3174 573 4444 1667 1777 4378 337 3761 825 105 
3105
3801 825 4445 4313 2438 2316 825 3216 2800 
3106
956 3695 67 
3107
4446 
3108
38 1907 
3109
2800 2039 21 
3110
4447 4448 804 1907 
3111
2508 2800 4449 2800 
3112
4450 2508 2800 4451 4452 
3113
689 
3114
4452 2510 1294 
3115
2510 1294 1087 4453 4454 3145 
3116
4451 836 
3117
3878 
3118
4262 4455 2428 4455 4451 4456 2508 2800 
3119
259 4457 938 4458 4262 
3120
4451 4262 3001 819 
3121
1281 1281 1120 2800 4459 
3122
1120 459 4460 168 
3123
396 2122 3204 2122 
3124
2122 
3125
4446 392 51 428 2508 2800 1913 4461 4462 767 396 1281 4461 3204 4462 2508 2800 
3126
2508 2800 1281 
3127
123 
3128
1281 651 2800 
3129
4455 4262 2798 1667 4463 2987 4464 4465 1624 4450 2508 2800 4466 2295 4349 1025 4467 
3130
1427 4468 4447 4469 4470 1294 
3131
1976 1977 4471 2508 2800 1977 4472 146 1150 4473 4436 1806 4474 
3132
4450 4466 2508 2800 
3133
4464 4465 4463 2987 1624 4450 4475 4466 386 70 4476 2721 1976 4476 4476 1782 
3134
4463 1961 2987 
3135
4477 1025 4478 
3136
350 686 4450 2800 4479 4480 4481 4482 4483 4484 4485 4486 4483 4484 4487 4488 4489 4483 4490 4491 4492 4493 4494 4483 4495 4496 4483 4490 4487 4488 4489 4483 4490 4497 4498 4483 4497 4499 4500 4501 4496 4502 4503 4504 4505 4506 4507 4507 4507 4508 4509 4510 686 4472 3216 2800 
3137
686 4455 
3138
573 3347 
3139
2508 2800 4262 1637 3711 
3140
4511 2029 564 4512 256 
3141
1700 2800 1878 
3142
1700 2508 2800 
3143
891 2508 2800 4513 2508 2800 4514 
3144
386 
3145
571 183 4515 2800 1025 571 183 4515 4446 2508 2800 
3146
3210 3599 4446 3695 
3147
792 3599 
3148
168 1843 2800 2971 
3149
1812 1183 
3150
1458 168 2800 1843 2415 244 
3151
255 2508 2800 1458 1896 1645 
3152
38 1978 767 282 3599 2800 
3153
182 4516 3058 
3154
38 977 4517 237 4518 672 4518 873 4519 1074 767 
3155
38 1907 3884 
3156
3046 1129 867 67 
3157
2608 4520 654 1129 670 
3158
114 4521 282 985 777 3599 585 4453 
3159
38 196 1978 
3160
3398 
3161
3599 2800 1396 3846 947 98 
3162
1407 1408 98 1978 
3163
38 891 3599 4453 656 
3164
4446 1978 
3165
4522 1978 4523 3368 4524 4525 4285 
3166
925 767 51 4462 
3167
840 4462 925 767 
3168
3879 1976 3599 2800 
3169
322 3709 3599 2800 11 1524 1978 1978 82 428 4526 
3170
1977 1976 3461 1530 711 4446 3878 4527 4527 
3171
925 491 1978 3058 1979 853 4528 707 272 21 1978 4523 4529 4530 590 4453 4531 
3172
272 452 272 3058 
3173
3683 
3174
3599 1120 168 4532 1181 114 4446 
3175
1543 322 4533 1977 3503 1015 
3176
1979 1978 4523 4534 3179 4462 691 4535 
3177
213 4514 1978 539 2800 4514 
3178
1979 264 4476 4462 1247 
3179
939 939 4476 
3180
4536 4476 2799 4537 4476 4538 4476 1932 4476 2625 4539 4476 
3181
245 1391 4476 2624 4540 1272 4541 4542 4543 1817 4544 4545 4546 4547 2039 
3182
1978 336 3179 2514 546 4460 
3183
4548 
3184
752 
3185
3599 4549 4550 1976 1878 
3186
1978 51 272 846 4519 1028 1976 4551 1264 38 278 
3187
38 2537 846 2800 1007 4436 272 1878 
3188
343 131 1233 1978 2800 
3189
4552 1977 1976 
3190
1978 1669 4553 2800 1976 
3191
1978 316 3461 2800 
3192
1978 3 1530 4436 3878 3 4554 21 
3193
657 672 4555 3599 2800 4446 
3194
2800 207 4556 
3195
3261 2800 207 4556 4557 767 4446 
3196
2743 322 1976 3281 4558 
3197
1524 1111 885 207 
3198
3609 265 3609 
3199
38 3599 4559 4560 
3200
4525 4525 4466 4518 
3201
4561 767 
3202
38 304 4358 1978 
3203
3 454 885 
3204
3155 825 1034 3599 4562 
3205
71 4563 4564 1192 3659 2508 2800 3801 825 
3206
3916 1878 1436 2887 3599 
3207
2508 2800 767 1015 76 4565 1800 1530 2039 239 694 4566 282 
3208
3393 4371 4567 2894 2036 1463 1312 1907 767 
3209
413 76 1609 282 3527 571 1223 4568 
3210
1228 1978 2122 114 322 4558 1667 4569 33 2122 2800 4516 4523 4570 4310 3464 925 
3211
3599 2800 168 1394 196 51 
3212
98 1530 219 4571 4572 4573 4574 1530 2056 365 1964 1965 1966 1967 
3213
3599 135 2508 2800 1015 76 3241 33 925 154 3969 4575 846 4576 
3214
114 1225 4577 4578 1281 4579 2800 4561 506 105 3599 1978 168 977 492 977 121 4580 1976 4569 
3215
1148 1033 4581 4514 1276 50 131 2211 1276 
3216
1978 2631 2411 3599 3878 594 4582 3599 1978 
3217
494 2800 2411 961 4583 3695 3599 26 2800 
3218
1225 3599 1149 799 4516 1245 3053 
3219
355 3599 
3220
3659 2800 1878 767 
3221

3222
2800 1976 2800 1225 571 428 1878 
3223
511 322 3599 1878 
3224
3599 711 
3225
3659 4584 1976 
3226
3599 2800 168 
3227
196 2310 1978 3360 618 1976 3667 
3228
67 4585 1878 1878 459 805 
3229
3599 398 3678 1976 4586 1978 
3230
552 1287 3878 1075 
3231
1557 599 21 
3232
825 4587 168 
3233
4564 
3234
1976 
3235
282 1004 3599 2688 2800 4436 1068 4581 1025 4451 
3236
4588 
3237
2800 2572 590 3622 4096 2228 1274 656 1015 
3238
511 4460 2508 2800 3854 1031 1203 
3239
771 131 3111 452 2508 2800 182 1291 2572 
3240
4460 4589 131 4590 3899 
3241
1949 4591 258 2585 2385 322 3968 1183 
3242
3659 1978 945 282 
3243
1800 1961 2039 1609 
3244
4516 3058 
3245
4458 4592 4466 
3246
4593 4460 282 4594 1640 2508 2800 
3247
588 4595 1408 4262 1987 
3248
114 4596 
3249
3599 723 
3250

3251
3599 2800 51 872 
3252
886 599 
3253
1976 4597 1978 651 2073 1978 
3254

3255
4262 2798 1667 1978 
3256
4581 547 452 
3257
3 1979 4598 692 321 3368 
3258
4455 4523 2295 2252 
3259
3451 
3260
1978 4599 1979 4600 3284 4523 3854 4456 
3261
4601 
3262
4602 1479 3461 4603 
3263
4604 4598 4605 129 4598 4606 4607 4462 
3264
1878 3599 3212 
3265
767 4569 182 960 
3266
1979 1120 2800 
3267
1431 1978 
3268
98 
3269
114 4601 4608 
3270
38 4609 4610 
3271
4611 4612 1524 231 4613 231 1062 311 3670 1234 4614 
3272
450 4615 1224 
