0
0 
1
1 
2
2 3 
3
4 
4
5 6 7 
5
8 
6
9 10 
7
11 
8
12 
9
13 
10
14 15 
11
16 
12
17 18 19 20 21 
13
22 23 
14
24 25 
15
26 
16
27 
17
28 
18
29 
19
30 31 32 33 
20
34 
21
35 
22
36 
23
37 
24
38 39 
25
40 41 42 
26
43 44 
27
45 
28
46 
29
47 
30
48 
31
49 
32
50 51 52 
33
53 
34
54 55 
35
56 57 
36
58 59 60 
37
61 62 
38
63 
39
64 65 
40
66 67 68 69 70 71 72 
41
73 74 75 76 77 78 
42
79 
43
80 81 
44
82 83 84 
45
85 86 87 
46
88 89 90 
47
91 51 92 93 
48
94 95 
49
96 97 98 
50
99 100 
51
101 102 103 104 105 106 
52
107 108 109 110 111 
53
112 113 114 
54
115 
55
116 117 118 
56
119 120 121 122 
57
123 
58
124 
59
125 
60
126 127 128 129 
61
130 131 132 
62
133 134 
63
135 136 
64
137 
65
138 
66
139 140 141 
67
142 143 
68
144 145 
69
146 
70
147 148 149 150 151 
71
152 153 
72
154 
73
155 
74
156 
75
157 158 159 160 
76
161 
77
162 163 
78
164 
79
165 166 
80
167 
81
168 
82
169 170 
83
171 
84
172 
85
173 
86
174 175 176 
87
177 178 
88
179 
89
180 181 182 183 184 
90
185 186 187 
91
188 
92
189 190 
93
191 192 
94
193 194 
95
195 196 
96
197 198 
97
199 200 
98
201 202 203 204 
99
205 
100
206 207 208 209 210 211 
101
212 213 
102
214 215 
103
216 
104
217 
105
218 
106
219 220 
107
221 222 
108
223 224 
109
225 
110
226 227 228 229 
111
230 231 
112
232 
113
233 
114
234 
115
235 
116
236 
117
237 
118
238 
119
239 
120
240 241 242 243 244 
121
245 246 
122
247 248 
123
249 
124
250 251 
125
252 253 
126
254 
127
255 
128
256 
129
257 
130
258 
131
259 
132
260 261 262 263 264 265 266 
133
267 268 
134
269 270 271 
135
272 273 
136
274 275 276 277 278 279 280 281 282 
137
283 
138
284 285 
139
286 
140
287 288 289 290 
141
291 
142
292 293 294 
143
295 296 297 298 299 
144
300 
145
301 302 
146
303 304 
147
305 306 
148
307 
149
308 309 310 311 
150
312 313 314 
151
315 
152
316 
153
317 318 319 
154
320 
155
321 
156
322 
157
323 
158
324 
159
325 
160
326 327 328 329 
161
330 331 
162
332 333 
163
334 
164
335 336 337 
165
338 339 
166
340 
167
341 
168
342 343 344 
169
345 
170
346 
171
347 348 349 350 351 352 353 
172
354 355 356 
173
357 
174
358 
175
359 360 
176
361 362 
177
363 
178
364 365 366 
179
367 368 
180
369 
181
370 
182
371 372 
183
373 374 375 376 377 378 379 380 381 382 383 384 385 386 387 388 389 390 391 392 393 394 395 396 397 398 399 400 401 402 403 404 405 406 407 408 409 410 411 412 413 414 415 416 417 418 419 420 421 422 423 
184
424 425 
185
426 427 428 
186
429 430 
187
431 432 433 434 435 436 
188
437 
189
438 439 440 441 442 
190
443 444 445 446 447 448 449 450 451 452 453 454 455 456 
191
457 
192
458 459 460 461 462 463 464 465 466 467 468 469 470 471 472 473 474 475 476 477 478 479 480 481 482 483 484 485 486 487 488 489 490 491 492 493 494 495 496 497 498 499 500 501 502 503 504 505 506 507 508 509 510 511 512 513 514 515 516 517 518 519 520 521 522 523 524 525 526 527 528 529 530 531 532 533 534 535 536 537 538 539 540 541 542 543 544 545 546 547 548 549 550 551 552 553 554 555 556 557 558 559 560 561 562 563 564 565 566 567 568 569 570 571 572 573 574 575 576 577 578 579 580 581 582 583 584 585 586 587 588 589 590 591 592 593 594 595 596 597 598 599 600 601 602 603 604 605 606 607 608 609 610 611 612 613 614 615 616 617 618 619 620 621 622 623 624 625 626 627 628 629 630 631 632 633 634 635 636 637 
193
638 
194
639 640 641 642 643 644 645 646 647 648 649 650 651 652 653 654 655 656 657 658 659 660 661 662 663 664 665 666 667 668 669 670 671 672 673 674 675 665 666 667 668 669 670 671 672 673 674 675 676 677 678 679 680 681 682 683 684 685 686 687 688 689 690 691 
195
692 
196
693 694 695 
197
696 697 698 699 700 
198
701 
199
702 703 704 705 
200
706 707 708 709 710 711 712 
201
713 714 715 716 717 718 719 720 721 722 723 724 725 726 727 
202
728 729 
203
730 731 732 733 
204
734 
205
735 736 737 
206
738 739 740 
207
741 
208
742 743 
209
744 
210
745 746 
211
747 748 
212
749 750 
213
751 752 
214
753 
215
754 755 756 757 
216
758 759 
217
760 761 
218
762 
219
763 
220
764 765 766 
221
767 768 769 
222
770 
223
771 
224
772 773 
225
774 775 
226
776 
227
777 
228
778 
229
779 
230
780 
231
781 782 783 784 785 
232
786 787 
233
788 789 790 791 
234
792 
235
793 794 795 
236
796 
237
797 
238
798 799 800 
239
801 
240
802 803 804 
241
805 
242
806 807 
243
808 
244
809 
245
810 
246
811 812 813 
247
814 815 816 
248
817 
249
818 
250
819 
251
820 
252
821 822 823 
253
824 
254
825 826 
255
827 828 829 
256
830 
257
831 
258
832 833 834 
259
835 836 837 
260
838 839 840 841 842 
261
843 844 845 
262
846 847 848 849 
263
850 851 852 853 854 855 856 857 858 
264
859 860 861 
265
862 863 864 
266
865 
267
866 867 868 869 
268
870 871 
269
872 
270
873 874 
271
875 876 
272
877 
273
878 
274
879 880 
275
881 882 
276
883 
277
884 
278
885 886 
279
887 
280
888 
281
889 
282
890 
283
891 
284
892 893 
285
894 895 
286
896 
287
897 
288
898 
289

290
899 
291
900 
292
901 
293
902 903 
294
904 
295
905 
296
906 907 
297
908 909 
298
910 911 912 
299
913 
300
914 915 916 917 918 
301
919 
302
920 921 922 
303
923 924 925 
304
926 
305
927 
306
928 
307
929 
308
930 
309
931 
310
932 933 934 935 936 
311
937 938 939 940 941 942 943 944 945 
312
946 
313
947 
314

315

316
948 
317
949 
318

319
950 294 
320

321

322
951 952 953 954 
323
955 
324
956 
325
957 
326
958 959 
327
960 961 
328
962 
329
963 964 965 
330
966 967 
331
968 
332
969 
333
970 
334
808 971 
335
972 973 
336
974 975 976 977 978 979 980 981 982 983 984 985 986 987 988 989 990 991 992 993 994 995 996 997 998 999 1000 
337
1001 1002 1003 
338
1004 
339
1005 
340
1006 
341
1007 1008 
342
1009 
343
1010 
344
1011 1012 
345
1013 
346
1014 
347
1015 1016 1017 1018 
348
1019 
349
1020 
350
1021 1022 
351
1023 
352
1024 1025 
353
1026 
354
1027 1028 1029 
355
1030 
356
1031 
357
1032 1033 
358
1034 
359
1035 1036 
360
1037 1038 
361
1039 1040 
362
1041 
363
1042 1043 
364
1044 
365
1045 
366
1046 
367
1047 
368
1048 
369
1049 1050 1051 
370
1052 1053 1054 1055 1056 1057 1058 
371
1059 1060 1061 
372
1062 
373
1063 
374
1064 1065 
375
1066 1067 
376
1068 
377
1069 
378
1070 1071 
379
1072 
380
1073 1074 
381
1075 1076 
382
1077 
383
1078 
384
1079 1080 
385
1081 1082 1083 
386
1084 1085 
387
1086 
388
1087 
389
1088 
390
1089 
391
1090 1091 1092 1093 1094 1095 
392
1096 
393
1097 
394
1098 
395
1099 1100 
396
1101 1102 
397
1103 
398
1104 
399
1105 1106 
400
1107 
401
1108 
402
1109 1110 1111 
403
1112 
404
1113 1114 1115 
405
1116 
406
1117 
407
1118 1119 1120 
408
1121 
409
1122 
410
1123 1124 
411
1125 
412
1126 
413
1127 1128 
414
1129 1130 1131 
415
1132 1133 1134 
416
1135 
417
1136 
418
1137 
419
1138 
420
1139 
421
1140 1141 
422
1142 1143 
423
1144 
424
1145 
425
1146 1147 
426
1148 1149 1150 1151 
427
1152 
428
1153 1154 
429
1155 1156 1157 1158 1159 1160 1161 1162 
430
1163 1164 
431
1165 1166 1167 1168 1169 1170 1171 1172 1173 1174 
432
1175 1176 
433
1177 
434
1178 
435
1179 1180 1181 
436
1182 1183 1184 1185 1186 1187 1188 
437
1189 1190 
438
1191 
439
1192 
440
1193 1194 1195 1196 1197 1198 1199 1200 1201 1202 
441
1203 1204 1205 
442
1206 
443
1207 1208 1209 1210 
444
1211 
445
1212 1213 1214 1215 
446
1216 
447
1217 1218 1219 
448
1220 1221 1222 1223 
449
1224 1225 1226 1227 1228 1229 1230 1231 
450
1232 1233 1234 
451
1235 1236 1237 
452
1238 
453
1239 1240 1241 1242 1243 1244 
454
1245 1246 
455
1247 1248 1249 1250 1251 1252 1253 
456
1254 1255 
457
1256 
458
1257 
459
1258 
460
1259 1260 1261 
461
1262 
462
1263 
463
1264 
464
1265 
465
1266 
466
1267 
467
1268 1269 
468
1270 1271 1272 
469
1273 
470
1274 1275 
471
1276 1277 1278 1279 1280 
472
1281 
473
1282 
474
1283 1284 
475
1285 
476
1286 
477
1287 
478
1288 
479
1289 
480
1290 1291 
481
1292 
482
1293 
483
1294 
484
1295 1296 1297 1298 1299 
485
1300 
486
1301 1302 
487
1303 
488
1304 1305 
489
1306 
490
1307 
491
1308 
492
1309 
493
1310 1311 
494
1312 
495
1313 
496
1314 
497
1315 1316 
498
1317 
499
1318 1319 1320 
500
1321 
501
1322 
502
1323 
503
1324 1325 
504
1326 
505
1327 
506
1328 1329 
507
1330 1331 
508
1332 
509
1333 
510
1334 
511
1335 
512
1336 1337 1338 1339 
513
1340 1341 1342 
514
1343 1344 
515
1345 
516
1346 1347 
517
1348 1349 
518
1350 1351 
519
1352 1353 1354 1355 1356 1357 
520
1358 
521
1359 
522
1360 
523
1361 
524
1362 1363 1364 1365 1366 
525
1367 
526
1368 
527
1369 
528
1370 
529
1371 1372 
530
1373 
531
1374 
532
1375 
533
1376 1377 1378 
534
1379 
535
1380 1381 1382 1383 1384 1385 1386 1387 1388 1389 1390 1391 1392 
536
1393 
537
1394 1395 1396 1397 1398 
538
1399 1400 
539
1401 
540
1402 
541
1403 
542
1404 
543
1405 
544
1406 1407 
545
1408 
546
1409 
547
1410 
548
1411 
549
1412 1413 
550
1414 1415 1416 
551
1417 
552
1418 1419 
553
1420 1421 1422 1423 1424 1425 1426 1427 1428 1429 1430 
554
1431 1432 
555
1433 
556
1434 
557
1435 
558
1436 
559
1437 
560
1438 
561
1439 1440 1441 
562
1442 1443 1444 
563
1445 
564
1446 1447 
565
1448 
566
1449 
567
1450 
568
1451 1452 
569
1453 1454 
570
1455 
571
1456 
572
1457 
573
1458 
574
1459 
575
1460 
576
1461 
577
1462 1463 
578
1464 1465 1466 1467 
579
1468 1469 
580
1470 
581
1471 
582
1472 1473 
583
1474 1475 
584
1476 1477 
585
1478 
586
1479 
587
1480 1481 
588
1482 1483 
589
1484 
590
1485 
591
1486 
592
1487 
593
1488 
594
1489 
595
1490 
596
1491 
597
1492 
598
1493 
599
1494 
600
1495 
601
1496 
602
1497 
603
1498 1499 1500 1501 1502 1503 1504 1505 1506 1507 1508 1509 1510 1511 1512 1513 1514 1515 1516 
604
1517 
605
1518 1519 1520 1521 1522 1523 
606
1524 1525 1526 
607
1527 
608
1528 1529 1530 1531 
609
1532 1533 
610
1534 1535 1536 1537 1538 
611
1539 1540 1541 1542 1543 1544 
612
1545 
613
1546 1547 1548 
614
1549 
615
1550 1551 
616
1552 
617
1553 
618
1554 
619
1555 
620
1556 1557 
621
1558 
622
1559 
623
1560 1561 1562 
624
865 
625
1563 1564 1565 
626
1566 1567 1568 
627
1569 
628
1570 
629
1571 1572 
630
1573 
631
1574 
632
1575 
633
1576 
634
1577 
635
1578 
636
1579 1580 1581 1582 
637
1583 
638
1584 
639
1585 
640
1586 
641
1587 1588 1589 1590 1591 1592 1593 
642
1594 
643
1595 1596 
644
1597 
645
1598 1599 1600 1601 
646
1602 
647
1603 1604 1605 1606 1607 1608 1609 
648
1610 
649
1611 1612 
650
1613 1614 1615 
651
1616 1617 
652
1618 
653
1619 
654
1620 1621 1622 
655
1623 1624 1625 
656
1626 1627 1628 1629 1630 1631 1632 
657
1633 1634 1635 1636 
658
1637 1638 
659
1639 1640 1641 
660
1642 
661
1643 1644 1645 1646 1647 
662
1648 1649 1650 
663
1651 
664
1652 
665
1653 1654 1655 1656 1657 
666
1658 
667
1659 1660 1661 
668
1662 1663 1664 
669
1665 1666 1667 
670
1668 1669 
671
1670 1671 1672 
672
1673 1674 1675 
673
1676 
674
1677 1678 
675
1679 1680 1681 
676
1682 1683 
677
1684 1685 1686 
678
1687 1688 1689 1690 
679
1691 
680
1692 1693 1694 
681
1695 1696 
682
1697 
683
1698 
684
1699 1700 1701 1702 
685
1703 
686
1704 1705 1706 1707 1708 1709 1710 1711 1712 1713 1714 1715 1716 1717 1718 
687
1719 
688
1720 
689
1721 1722 
690
1723 
691
1724 1725 
692
1726 
693
1727 
694
1728 1729 1730 
695
1731 1732 
696
1733 1734 1735 1736 
697
1737 
698
1738 
699
1739 1740 
700
1741 1742 1743 
701
1744 1745 1746 1747 1748 1749 
702
1750 
703
1751 
704
1752 1753 
705
1754 
706
1755 
707
1756 
708
1757 
709
1758 
710
1759 1760 
711
1761 
712
1762 
713
1763 
714
1764 
715
1765 
716
1766 
717
1767 
718
1768 1769 1770 1771 1772 
719
1773 1774 
720
1775 
721
1776 
722
1777 1778 1779 
723
1780 
724
1781 1782 1783 
725
1784 1785 
726
1786 1787 1788 
727
1789 
728
1790 1791 
729
1792 1793 
730
1794 
731
1795 
732
1796 1797 
733
1798 
734
1799 
735
1800 
736
1801 
737
1802 
738
1803 1804 
739
1805 
740
1806 
741
1807 1808 1809 
742
1810 
743
1811 1812 
744
1813 1814 
745
1815 
746
1816 1817 
747
1818 1819 1820 
748
1821 
749
1822 
750
1823 
751
1824 
752
1825 
753
1826 1827 
754
1828 1829 1830 
755
1831 1832 1833 1834 
756
1835 
757
1836 1837 
758
1838 
759
1839 1840 
760
1841 
761
1842 1843 1844 
762
1845 1846 
763
1847 
764
1848 1849 1850 
765
1851 
766
1852 
767
1853 
768
1854 
769
1855 
770
1856 
771
1857 
772
1858 1859 1860 1861 1862 1863 1864 
773
1865 
774
1866 1867 1868 1869 1870 1871 
775
1872 
776
1873 
777
1874 
778
1875 1876 
779
1877 
780
1878 
781
1879 
782
1880 
783
1881 1882 1883 
784
1884 1885 1886 
785
1887 
786
1888 1889 
787
1890 
788
1891 1892 
789
1893 1894 
790
1895 
791
1896 
792
1897 
793
1898 
794
1899 
795
1900 1901 
796
1902 
797
1903 1904 1905 
798
1906 
799
1907 
800
1908 
801
1909 1910 1911 1912 1913 
802
1914 1915 
803
1916 
804
1917 
805
1918 1919 
806
1920 
807
1921 
808
1922 1923 
809
1924 
810
1925 
811
1926 
812
1927 
813
1928 1929 
814
1930 
815
1931 1932 1933 
816
1934 1935 1936 1937 1938 1939 
817
1940 1941 1942 1943 
818
1944 
819
1945 
820
1946 
821
1947 
822
1948 
823
1949 
824
1950 1951 
825
1952 1953 
826
1954 1955 1956 
827
1957 1958 
828
1959 1960 1961 1962 
829
1963 1964 1965 
830
1966 1967 
831
1968 1969 
832
1970 1971 
833
1972 1973 1974 1975 
834
1976 
835
1977 
836
1978 
837
1979 
838
1980 
839
1981 
840
1982 1983 
841
1984 1985 1986 1987 
842
1988 
843
1989 1990 1991 1992 1993 1994 
844
1995 1996 
845
1997 1998 
846
1999 
847
2000 
848
2001 
849
2002 2003 2004 
850
2005 
851
2006 
852
2007 
853
2008 
854
2009 2010 
855
2011 
856
2012 
857
2013 
858
2014 
859
2015 
860
2016 2017 
861
2018 
862
2019 
863
2020 
864
2021 
865
2022 2023 2024 
866
2025 
867
2026 
868
2027 
869
2028 2029 
870
2030 2031 2032 2033 
871
2034 2035 
872
2036 
873
2037 
874
2038 2039 2040 2041 
875
2042 
876
2043 2044 
877
2045 2046 
878
2047 2048 
879
2049 2050 
880
2051 
881
2052 
882
2053 
883
2054 2055 2056 2057 2058 
884
2059 
885
2060 2061 
886
2062 
887
2063 
888
2064 2065 
889
2066 
890
2067 
891
2068 
892
2069 
893
2070 
894
2071 
895
2072 
896
2073 
897
2074 
898
2075 
899
2076 
900
2077 
901
2078 2079 2080 2081 2082 
902
2083 
903
2084 2085 
904
2086 
905
2087 2088 
906
2089 
907
2090 
908
2091 
909
2092 2093 
910
2094 2095 2096 
911
2097 2098 
912
2099 2100 2101 
913
2102 2103 2104 2105 2106 2107 2108 2109 2110 2111 
914
2112 
915
2113 2114 
916
2115 2116 
917
2117 
918
2118 2119 2120 2121 2122 2123 
919
2124 2125 2126 2127 
920
2128 2129 2130 2131 
921
2132 
922
2133 
923
2134 
924
2135 
925
2136 2137 
926
2138 
927
2139 2140 
928
2141 
929
2142 
930
2102 2143 
931
2144 
932
2145 
933
2146 
934
2147 
935
2148 
936
2149 2150 
937
2151 
938
2152 2153 
939
2154 
940
2155 2156 2157 
941
2158 2159 
942
2160 
943
2161 
944
2162 
945
2163 
946
2164 2165 
947
2166 
948
2167 2168 
949
2169 2170 2171 2172 2173 
950
2174 2175 2176 2177 
951
2178 
952
2179 2180 
953
2181 2182 
954
2183 2184 
955
2185 2186 2187 2188 
956
2189 2190 
957
2191 2192 2193 2194 2195 2196 2197 
958
2198 2199 2200 2201 2202 2203 2204 
959
2205 2206 2207 2208 2209 
960
2210 
961
2211 
962
2212 
963
2213 
964
2214 2215 2216 2217 2218 2219 
965
2220 
966
2221 2222 
967
2223 
968
2224 
969
2225 
970
2226 
971
2227 2228 
972
2229 2230 2231 2232 2233 2234 2235 2236 2237 
973
2238 2239 2240 
974
2241 2242 2243 
975
2244 
976
2245 2246 2247 
977
2248 2249 2250 
978
2251 2252 2253 2254 2255 2256 
979
2257 
980
2258 
981
2259 2260 2260 2260 2260 2261 2262 2263 2264 2265 
982
2266 2267 
983
2268 2269 
984
2270 2271 2272 
985
2273 2274 
986
2275 
987
2276 2277 2278 2279 2280 2281 2282 2283 
988
2284 2285 
989
2286 
990
2287 
991
2288 
992
2289 2290 2291 
993
2292 
994
2293 2294 
995
2295 2296 2297 2298 2299 
996
2300 2301 2302 2303 2304 
997
2305 2306 
998
2307 
999
2308 2309 2310 
1000
2311 2312 
1001
2313 2314 2315 2316 
1002
2317 2318 
1003
2319 
1004
2320 2321 2322 2323 2324 2325 2326 2327 
1005
2328 2329 2330 2331 2332 
1006
2333 2334 
1007
2335 2336 2337 2338 2339 2340 
1008
2341 2342 
1009
2343 
1010
2344 2345 2346 2347 
1011
2348 2349 2350 2351 
1012
2352 2353 
1013
2354 
1014
2355 
1015
2356 
1016
2357 
1017
2358 2359 
1018
2360 2361 
1019
2362 2363 2364 2365 2366 
1020
2367 2368 
1021
2369 
1022
2370 
1023
2371 2372 
1024
2373 2374 
1025
2375 2376 
1026
2377 
1027
2378 2379 
1028
2380 2381 2382 2383 
1029
2384 2385 2386 2387 2388 2389 2390 2391 
1030
2392 2393 2394 
1031
2395 
1032
2396 2397 2398 2399 
1033
2400 
1034
2401 
1035
2402 2403 2404 2405 2406 2407 2408 2409 2410 2411 2412 2413 2414 2415 2416 2417 2418 2419 2420 2421 2422 2423 2424 2425 2426 2427 2428 
1036
2429 
1037
2430 
1038
2431 
1039
2432 2433 
1040
2434 
1041
2435 2436 
1042
2437 
1043
2438 2439 2440 
1044
2441 
1045
2442 
1046
2443 
1047
2444 2445 
1048
2446 
1049
2447 2448 2449 
1050
2450 
1051
2451 
1052
2452 
1053
2453 
1054
2454 
1055
2455 2456 2457 2458 2459 2460 
1056
2461 
1057
2462 2463 2464 2465 2466 2467 2468 2469 2470 2471 2472 2473 2474 2475 2476 2477 2478 2479 2480 2481 2482 2483 2484 2485 
1058
2486 2487 2488 2489 
1059
2490 
1060
2491 2492 2493 
1061
2494 
1062
2495 2496 2497 2498 2499 2500 2501 2502 
1063
2503 
1064
2504 2505 
1065
2506 2507 2508 2509 
1066
2510 
1067
2511 2512 2513 2514 2515 2516 2517 
1068
2518 2519 2520 2521 2522 2523 
1069
2524 
1070
2525 2526 2527 2528 2529 2530 2531 
1071
2532 2533 
1072
2534 
1073
2535 
1074
2536 2537 
1075
2538 
1076
2539 
1077
2540 2541 2542 2543 2544 2545 
1078
2546 2547 2548 2549 2550 
1079
2551 
1080
2552 
1081
2553 2554 2555 2556 2557 
1082
2558 2559 2560 2561 2562 2563 2564 2565 
1083
2566 
1084
2567 
1085
2568 2569 
1086
2570 
1087
2571 2572 
1088
2573 
1089
2574 2575 
1090
2576 2577 
1091
2578 
1092
2579 2580 
1093
2581 
1094
2582 
1095
2583 
1096
2584 2585 
1097
2586 2587 
1098
2588 2589 2590 2591 2592 2593 
1099
2594 2595 2596 
1100
2597 
1101
2598 2599 2600 
1102
2601 2602 2603 2604 2605 2606 2607 2608 
1103
2609 2610 
1104
2611 2612 2613 
1105
2614 
1106
2615 2616 
1107
2617 2618 2619 
1108
2620 2621 
1109
2622 
1110
2623 2624 
1111
2625 2626 2627 2628 2629 2630 2631 
1112

1113
2632 2633 2634 2635 2636 
1114
2637 
1115
2638 
1116
2639 2640 2641 
1117
2642 2643 2644 2645 
1118
2646 
1119
2647 
1120
2648 2649 2650 
1121
2651 
1122
2652 2653 
1123
2654 2655 
1124
2656 
1125
2657 2658 2659 2660 2661 
1126
2662 
1127
2663 
1128
2664 2665 2666 
1129
2667 
1130
2668 
1131
2669 
1132
2670 
1133
2671 2672 2673 
1134
2674 
1135
2675 
1136
2676 2677 2678 2679 2680 2681 2682 
1137
2683 2684 
1138
2685 2686 2687 
1139
2688 2689 
1140
2690 2691 
1141
2692 2693 2694 2695 2696 2697 
1142
2698 2699 2700 2701 
1143
2702 2703 
1144
2704 
1145
2705 
1146
2706 
1147
2707 
1148
2708 
1149
2709 2710 2711 2712 
1150
2713 
1151
2714 
1152
2715 2716 
1153
2717 2718 2719 
1154
2720 2721 
1155
2722 2723 2724 2725 2726 2727 2728 2729 
1156
2730 2731 2732 2733 
1157
2734 
1158
2735 2736 
1159
2737 2738 2739 2740 2741 2742 2743 2744 
1160
2745 
1161
2746 2747 
1162
2748 2749 
1163
2750 2751 
1164
2752 
1165
2753 2754 2755 2756 2757 
1166
2758 2759 
1167
2760 
1168
2761 2762 
1169
2763 2764 
1170
2765 2766 2767 2768 2769 2770 2771 2772 2773 2774 2775 2776 
1171
2777 
1172
2778 2779 2780 
1173
2781 
1174
2782 
1175
2783 2784 
1176
2785 2786 
1177
2787 2788 
1178
2789 2790 2791 2792 2793 2794 2795 2796 2797 2798 2799 2800 2801 2802 2803 2804 2805 2806 
1179
2807 
1180
2808 
1181
2809 
1182
2810 2811 2812 
1183
2813 2814 
1184
2815 2816 
1185
2817 
1186
2818 2819 2820 2821 2822 2823 2824 2825 2826 2827 
1187
2828 2829 
1188
2830 
1189
2831 
1190
2832 
1191
2833 2834 2835 2836 2837 2838 2839 2840 2841 2842 2843 2844 2845 2846 2847 2848 2849 2850 
1192
2851 
1193
2852 
1194
2853 2854 
1195
2855 2856 2857 2858 2859 2860 
1196
2861 
1197
2862 2863 2864 2865 2866 2867 2868 2869 
1198
2870 2871 2872 2873 2874 2875 2876 2877 
1199
2878 
1200
2879 2880 
1201
2881 2882 2883 
1202
2884 
1203
2885 2886 
1204
2887 
1205
2888 
1206
2889 
1207
2890 2891 2892 2893 2894 2895 
1208
2896 
1209
2897 
1210
2898 2899 2900 
1211
2901 
1212
2902 2903 
1213
2904 2905 
1214
2906 2907 2908 
1215
2909 2910 
1216
2911 2912 2913 
1217
2914 2915 2916 2917 2918 
1218
2919 2920 
1219
2921 2922 
1220
2923 2924 
1221
2925 
1222
2926 2927 
1223
2928 2929 2930 2931 
1224
2932 2933 2934 
1225
2935 2936 
1226
2937 
1227
2938 
1228
2939 
1229
2940 
1230
2941 
1231
2942 2943 2944 2945 
1232
2946 
1233
2947 2948 
1234
2949 2950 
1235
2951 2952 
1236
2953 
1237
2954 
1238
2955 2956 
1239
2957 
1240
2958 
1241
2959 
1242
2960 
1243
2961 2962 
1244
2963 2964 
1245
2965 2966 
1246
2967 
1247
2968 
1248
2969 2970 
1249
2971 2972 2973 
1250
2974 
1251
2975 
1252
2976 
1253
2977 
1254
2978 2979 
1255
2980 2981 
1256
2982 2983 
1257
2984 2985 
1258
2986 2987 
1259
2988 
1260
2989 2990 
1261
2991 
1262
2992 
1263
2993 
1264
2994 
1265
2995 2996 
1266
2997 
1267
2998 
1268
2999 
1269
3000 
1270
3001 
1271
3002 3003 3004 3005 3006 3007 3008 3009 3010 3011 
1272
3012 
1273
3013 
1274
3014 3015 3016 
1275
3017 3018 3019 
1276
3020 
1277
3021 
1278
3022 
1279
3023 
1280
3024 
1281
3025 
1282
3026 3027 
1283
3028 3029 3030 
1284
3031 3032 3033 
1285
3034 
1286
3035 3036 3037 
1287
3038 3039 3040 3041 3042 3043 
1288
3044 
1289
3045 3046 
1290
3047 3048 
1291
3049 
1292
3050 3051 3052 
1293
3053 
1294
3054 
1295
3055 
1296
3056 3057 3058 
1297
3059 3060 3061 3062 
1298
3063 3064 3065 3066 
1299
3067 3068 3069 3070 
1300
3071 
1301
3072 3073 3074 
1302
3075 3076 
1303
3077 3078 
1304
3079 3080 3081 3082 3083 3084 3085 3086 3087 3088 
1305
3089 3090 
1306
3091 3092 3093 3094 
1307
3095 3096 3097 
1308
3098 3099 
1309
3100 3101 3102 
1310
3103 
1311
3104 3105 3106 
1312
3107 3108 3109 3110 3111 3112 3113 3114 3115 3116 3117 3118 3119 3120 3121 3122 3123 3124 3125 3126 3127 3128 3129 3130 3131 3132 3133 3134 3135 3136 3137 3138 3139 3140 3141 3142 3143 3144 3145 3146 
1313
3147 3148 3149 3150 3151 
1314
3152 3153 3154 3155 3156 3157 3158 3159 3160 3161 3162 3163 
1315
3164 3165 3166 3167 3168 3169 3170 3171 3172 3173 3174 3175 3176 3177 3178 3179 3180 3181 3182 3183 3184 3185 3186 3187 3188 3189 3190 3191 3192 3193 3194 3195 3196 3197 3198 
1316
3199 3200 3201 3202 3203 
1317
3204 3205 3206 
1318
3207 3208 3209 3210 3211 3212 3213 3214 3215 
1319
3216 
1320
3217 3218 3219 3220 3221 3222 3223 3224 
1321
3225 3226 3227 3228 
1322
3229 3230 
1323
3231 
1324
3232 3233 
1325
3232 3233 
1326
3234 3235 
1327
3236 
1328
3237 3238 3239 3240 
1329
3241 3242 3243 3244 3245 3246 
1330
3247 3248 
1331
3249 
1332
3250 
1333
3251 
1334
3252 3253 3254 3255 
1335
3256 3257 3258 3259 
1336
3260 3261 3262 3263 
1337
3264 3265 3266 3267 3268 3269 3270 
1338
3271 3272 
