0 1 0 0
2 3 1 0
3 56 2 0
4 5 3 0
6 7 4 0
8 9 5 0
9 16 6 0
9 20 7 0
9 55 8 0
10 11 9 0
11 823 10 0
12 13 11 0
12 34 12 0
12 156 13 0
12 157 14 0
12 158 15 0
12 159 16 0
12 160 17 0
12 161 18 0
12 162 19 0
12 163 20 0
12 164 21 0
12 165 22 0
13 17 23 0
13 152 24 0
13 823 25 0
14 15 26 0
17 18 27 0
17 19 28 0
18 411 29 0
19 278 30 0
19 823 31 0
21 22 32 0
21 23 33 0
24 25 34 0
24 26 35 0
24 27 36 0
25 54 37 0
26 45 38 0
28 29 39 0
30 31 40 0
30 32 41 0
30 33 42 0
30 34 43 0
30 35 44 0
30 36 45 0
34 93 46 0
34 166 47 0
34 210 48 0
37 38 49 0
37 39 50 0
37 40 51 0
37 41 52 0
37 42 53 0
39 57 54 0
39 823 55 0
43 44 56 0
44 198 57 0
45 46 58 0
45 47 59 0
45 48 60 0
45 49 61 0
45 50 62 0
45 51 63 0
47 271 64 0
47 276 65 0
51 198 66 0
51 541 67 0
52 53 68 0
57 58 69 0
57 59 70 0
57 60 71 0
57 61 72 0
57 62 73 0
57 63 74 0
57 64 75 0
57 65 76 0
57 66 77 0
57 67 78 0
57 68 79 0
57 69 80 0
57 70 81 0
57 71 82 0
57 72 83 0
57 73 84 0
57 74 85 0
57 75 86 0
57 76 87 0
57 77 88 0
57 78 89 0
57 79 90 0
57 80 91 0
57 81 92 0
57 82 93 0
57 83 94 0
57 84 95 0
57 85 96 0
57 86 97 0
57 87 98 0
57 88 99 0
57 103 100 0
57 104 101 0
57 105 102 0
57 106 103 0
57 107 104 0
57 108 105 0
57 109 106 0
57 110 107 0
57 111 108 0
57 112 109 0
57 113 110 0
57 114 111 0
57 115 112 0
57 116 113 0
57 117 114 0
57 118 115 0
57 119 116 0
57 120 117 0
57 121 118 0
57 122 119 0
57 123 120 0
57 124 121 0
57 125 122 0
57 126 123 0
57 127 124 0
57 128 125 0
57 129 126 0
57 130 127 0
57 131 128 0
57 132 129 0
57 133 130 0
57 134 131 0
57 135 132 0
57 136 133 0
57 137 134 0
57 138 135 0
57 139 136 0
57 140 137 0
86 278 138 0
89 90 139 0
89 91 140 0
89 92 141 0
94 95 142 0
96 97 143 0
96 98 144 0
96 99 145 0
100 101 146 0
100 102 147 0
102 170 148 0
132 141 149 0
141 142 150 0
141 143 151 0
141 144 152 0
141 145 153 0
141 146 154 0
141 147 155 0
141 148 156 0
141 149 157 0
141 150 158 0
141 151 159 0
142 198 160 0
142 267 161 0
145 229 162 0
145 411 163 0
145 614 164 0
146 229 165 0
147 287 166 0
152 153 167 0
152 154 168 0
152 155 169 0
155 229 170 0
158 171 171 0
165 183 172 0
165 541 173 0
165 795 174 0
166 167 175 0
166 168 176 0
167 447 177 0
169 170 178 0
171 172 179 0
171 241 180 0
171 244 181 0
171 387 182 0
171 388 183 0
171 389 184 0
171 390 185 0
171 391 186 0
171 392 187 0
171 393 188 0
171 394 189 0
171 395 190 0
171 396 191 0
171 397 192 0
171 398 193 0
171 399 194 0
171 400 195 0
171 401 196 0
171 402 197 0
171 403 198 0
171 404 199 0
171 405 200 0
171 406 201 0
171 407 202 0
171 408 203 0
171 409 204 0
171 410 205 0
173 174 206 0
175 176 207 0
175 177 208 0
178 179 209 0
179 187 210 0
179 191 211 0
179 229 212 0
179 511 213 0
180 181 214 0
180 182 215 0
181 278 216 0
181 365 217 0
182 278 218 0
182 738 219 0
182 795 220 0
182 876 221 0
182 877 222 0
183 184 223 0
183 185 224 0
185 198 225 0
187 188 226 0
187 189 227 0
187 190 228 0
188 271 229 0
188 278 230 0
192 193 231 0
194 195 232 0
194 196 233 0
194 197 234 0
195 227 235 0
195 738 236 0
198 199 237 0
198 229 238 0
199 541 239 0
199 585 240 0
200 201 241 0
200 202 242 0
200 203 243 0
204 205 244 0
204 206 245 0
204 207 246 0
207 795 247 0
208 209 248 0
210 211 249 0
210 212 250 0
210 213 251 0
211 303 252 0
211 426 253 0
211 538 254 0
212 440 255 0
212 614 256 0
214 215 257 0
214 216 258 0
214 217 259 0
214 218 260 0
214 219 261 0
214 220 262 0
220 287 263 0
220 377 264 0
220 440 265 0
220 541 266 0
220 738 267 0
220 747 268 0
220 795 269 0
221 222 270 0
221 223 271 0
224 225 272 0
224 226 273 0
227 228 274 0
229 230 275 0
229 231 276 0
229 232 277 0
229 233 278 0
229 234 279 0
229 235 280 0
229 236 281 0
229 237 282 0
229 238 283 0
229 239 284 0
229 240 285 0
229 241 286 0
229 242 287 0
229 243 288 0
229 244 289 0
229 245 290 0
229 246 291 0
229 247 292 0
229 248 293 0
229 249 294 0
229 250 295 0
229 251 296 0
229 252 297 0
229 253 298 0
229 254 299 0
229 255 300 0
229 256 301 0
229 257 302 0
229 258 303 0
229 259 304 0
229 260 305 0
229 261 306 0
229 262 307 0
229 263 308 0
229 264 309 0
229 265 310 0
229 266 311 0
231 447 312 0
232 426 313 0
244 365 314 0
244 511 315 0
244 823 316 0
244 1050 317 1
244 1131 318 1
244 1214 319 2
244 1246 320 2
244 1267 321 2
244 1282 322 2
254 377 323 0
258 525 324 0
260 614 325 0
261 426 326 0
267 268 327 0
267 269 328 0
267 270 329 0
271 272 330 0
271 273 331 0
271 274 332 0
271 275 333 0
275 928 334 0
276 277 335 0
278 279 336 0
278 280 337 0
278 281 338 0
278 282 339 0
278 283 340 0
278 284 341 0
278 285 342 0
278 286 343 0
279 525 344 0
283 287 345 0
287 288 346 0
289 290 347 0
289 291 348 0
289 292 349 0
289 293 350 0
289 294 351 0
289 295 352 0
293 447 353 0
296 297 354 0
296 298 355 0
296 299 356 0
296 300 357 0
300 525 358 0
301 302 359 0
303 304 360 0
303 305 361 0
303 306 362 0
303 307 363 0
303 308 364 0
303 309 365 0
303 310 366 0
303 311 367 0
303 312 368 0
303 313 369 0
303 314 370 0
303 315 371 0
303 316 372 0
303 317 373 0
303 318 374 0
303 319 375 0
303 320 376 0
303 321 377 0
303 322 378 0
303 323 379 0
303 324 380 0
303 325 381 0
303 326 382 0
303 327 383 0
303 328 384 0
303 329 385 0
303 330 386 0
303 331 387 0
303 332 388 0
303 333 389 0
303 334 390 0
303 335 391 0
303 336 392 0
303 337 393 0
303 338 394 0
303 339 395 0
303 340 396 0
303 341 397 0
303 342 398 0
303 343 399 0
303 344 400 0
303 345 401 0
303 346 402 0
303 347 403 0
303 348 404 0
303 349 405 0
303 350 406 0
303 351 407 0
303 352 408 0
303 353 409 0
303 354 410 0
303 355 411 0
303 356 412 0
303 357 413 0
303 358 414 0
303 359 415 0
303 360 416 0
303 361 417 0
303 362 418 0
303 363 419 0
303 364 420 0
303 365 421 0
303 366 422 0
303 367 423 0
303 368 424 0
303 369 425 0
303 370 426 0
303 371 427 0
303 372 428 0
303 373 429 0
303 374 430 0
303 375 431 0
303 376 432 0
349 742 433 0
349 747 434 0
365 497 435 0
365 498 436 0
376 411 437 0
377 378 438 0
377 379 439 0
377 380 440 0
377 381 441 0
377 382 442 0
377 383 443 0
377 384 444 0
377 385 445 0
377 386 446 0
386 511 447 0
386 585 448 0
386 742 449 0
395 511 450 0
397 573 451 0
400 509 452 0
406 511 453 0
409 918 454 0
410 511 455 0
411 412 456 0
411 413 457 0
411 414 458 0
411 415 459 0
411 416 460 0
411 417 461 0
411 418 462 0
411 419 463 0
411 420 464 0
411 421 465 0
411 422 466 0
412 767 467 0
423 424 468 0
423 425 469 0
425 435 470 0
425 492 471 0
426 427 472 0
426 428 473 0
426 429 474 0
426 430 475 0
426 431 476 0
426 432 477 0
426 433 478 0
426 434 479 0
429 585 480 0
436 437 481 0
436 438 482 0
436 439 483 0
438 794 484 0
440 441 485 0
440 442 486 0
440 443 487 0
440 444 488 0
440 445 489 0
440 446 490 0
447 448 491 0
447 449 492 0
447 450 493 0
447 451 494 0
447 452 495 0
447 453 496 0
447 454 497 0
447 455 498 0
447 456 499 0
447 457 500 0
447 458 501 0
447 459 502 0
447 460 503 0
447 461 504 0
447 462 505 0
447 463 506 0
447 464 507 0
447 465 508 0
447 466 509 0
447 467 510 0
447 468 511 0
447 469 512 0
447 470 513 0
447 471 514 0
447 472 515 0
447 473 516 0
447 474 517 0
447 475 518 0
447 476 519 0
447 477 520 0
447 478 521 0
447 479 522 0
447 480 523 0
447 481 524 0
447 482 525 0
447 483 526 0
447 484 527 0
447 485 528 0
447 486 529 0
447 487 530 0
447 488 531 0
447 489 532 0
450 541 533 0
464 823 534 0
474 728 535 0
479 767 536 0
487 823 537 0
490 491 538 0
492 493 539 0
492 494 540 0
492 495 541 0
492 496 542 0
498 541 543 0
499 500 544 0
501 502 545 0
501 503 546 0
501 504 547 0
501 505 548 0
501 506 549 0
501 507 550 0
501 508 551 0
501 509 552 0
501 510 553 0
507 614 554 0
507 767 555 0
509 860 556 0
509 883 557 0
509 884 558 0
509 885 559 0
509 886 560 0
509 887 561 0
509 888 562 0
509 889 563 0
509 890 564 0
510 541 565 0
511 512 566 0
511 513 567 0
511 514 568 0
511 515 569 0
511 516 570 0
511 517 571 0
511 518 572 0
511 519 573 0
511 520 574 0
511 521 575 0
511 522 576 0
511 523 577 0
511 524 578 0
513 585 579 0
516 935 580 0
518 823 581 0
519 823 582 0
524 541 583 0
524 573 584 0
525 526 585 0
525 527 586 0
525 528 587 0
525 529 588 0
525 530 589 0
525 531 590 0
525 532 591 0
525 533 592 0
525 534 593 0
525 535 594 0
525 536 595 0
525 537 596 0
525 795 597 0
529 614 598 0
535 541 599 0
537 823 600 0
538 539 601 0
538 540 602 0
541 542 603 0
541 543 604 0
541 544 605 0
541 545 606 0
541 546 607 0
541 547 608 0
541 548 609 0
541 549 610 0
541 550 611 0
541 551 612 0
541 552 613 0
541 553 614 0
541 554 615 0
541 555 616 0
541 556 617 0
541 557 618 0
541 558 619 0
541 559 620 0
541 560 621 0
541 561 622 0
541 562 623 0
541 563 624 0
541 564 625 0
541 565 626 0
541 566 627 0
541 567 628 0
541 568 629 0
541 569 630 0
541 570 631 0
542 747 632 0
542 767 633 0
553 756 634 0
554 756 635 0
554 822 636 0
563 747 637 0
571 572 638 0
572 728 639 0
572 738 640 0
573 574 641 0
573 575 642 0
573 576 643 0
573 577 644 0
573 578 645 0
573 579 646 0
573 580 647 0
573 581 648 0
573 582 649 0
573 583 650 0
573 584 651 0
584 742 652 0
584 823 653 0
585 586 654 0
585 587 655 0
585 588 656 0
585 589 657 0
585 590 658 0
585 591 659 0
585 592 660 0
585 593 661 0
585 594 662 0
585 595 663 0
585 596 664 0
585 597 665 0
585 598 666 0
585 599 667 0
585 600 668 0
585 601 669 0
585 602 670 0
585 603 671 0
585 604 672 0
585 605 673 0
585 606 674 0
585 607 675 0
585 608 676 0
585 609 677 0
585 610 678 0
585 611 679 0
585 612 680 0
585 613 681 0
593 660 682 0
614 615 683 0
614 616 684 0
614 617 685 0
614 618 686 0
614 619 687 0
614 620 688 0
614 621 689 0
614 622 690 0
614 623 691 0
614 624 692 0
614 625 693 0
614 626 694 0
614 627 695 0
614 628 696 0
614 629 697 0
614 630 698 0
614 631 699 0
614 632 700 0
614 633 701 0
614 634 702 0
614 635 703 0
614 636 704 0
614 637 705 0
614 638 706 0
614 639 707 0
614 640 708 0
614 641 709 0
614 642 710 0
614 643 711 0
614 644 712 0
614 645 713 0
614 646 714 0
614 647 715 0
614 648 716 0
614 649 717 0
614 650 718 0
626 767 719 0
636 823 720 0
651 652 721 0
651 653 722 0
651 654 723 0
651 655 724 0
651 656 725 0
651 657 726 0
651 658 727 0
651 659 728 0
660 661 729 0
660 662 730 0
660 663 731 0
660 664 732 0
660 665 733 0
660 666 734 0
660 667 735 0
660 668 736 0
660 669 737 0
660 670 738 0
660 671 739 0
660 672 740 0
660 673 741 0
660 674 742 0
660 675 743 0
660 676 744 0
660 677 745 0
660 678 746 0
660 679 747 0
660 680 748 0
660 681 749 0
660 682 750 0
660 683 751 0
660 684 752 0
660 685 753 0
660 686 754 0
660 687 755 0
660 688 756 0
660 689 757 0
660 690 758 0
660 691 759 0
660 692 760 0
660 693 761 0
660 694 762 0
660 695 763 0
660 696 764 0
660 697 765 0
660 698 766 0
660 699 767 0
660 700 768 0
660 701 769 0
660 702 770 0
660 703 771 0
660 704 772 0
660 705 773 0
660 706 774 0
660 707 775 0
660 708 776 0
660 709 777 0
660 710 778 0
660 711 779 0
660 712 780 0
660 713 781 0
660 714 782 0
660 715 783 0
660 716 784 0
660 717 785 0
660 718 786 0
660 719 787 0
660 720 788 0
660 721 789 0
660 722 790 0
660 723 791 0
660 724 792 0
660 725 793 0
726 727 794 0
728 729 795 0
728 730 796 0
728 767 797 0
731 732 798 0
731 733 799 0
731 734 800 0
732 823 801 0
733 738 802 0
733 823 803 0
735 736 804 0
735 737 805 0
738 739 806 0
738 740 807 0
738 741 808 0
740 893 809 0
740 897 810 0
740 935 811 0
742 743 812 0
742 744 813 0
742 745 814 0
742 746 815 0
747 748 816 0
747 749 817 0
747 750 818 0
747 751 819 0
747 752 820 0
747 753 821 0
747 754 822 0
747 755 823 0
756 757 824 0
756 758 825 0
756 759 826 0
756 760 827 0
756 761 828 0
756 762 829 0
756 763 830 0
756 764 831 0
763 823 832 0
765 766 833 0
767 768 834 0
767 769 835 0
767 770 836 0
767 771 837 0
767 772 838 0
767 773 839 0
767 774 840 0
767 775 841 0
767 776 842 0
767 777 843 0
767 778 844 0
767 779 845 0
767 780 846 0
767 781 847 0
767 782 848 0
767 783 849 0
767 784 850 0
767 785 851 0
767 786 852 0
767 787 853 0
767 788 854 0
767 789 855 0
767 790 856 0
767 791 857 0
792 793 858 0
795 796 859 0
795 797 860 0
795 798 861 0
795 799 862 0
795 800 863 0
795 801 864 0
795 802 865 0
795 803 866 0
795 804 867 0
795 805 868 0
795 806 869 0
795 807 870 0
795 808 871 0
795 809 872 0
795 810 873 0
795 811 874 0
795 812 875 0
795 813 876 0
795 814 877 0
795 815 878 0
795 816 879 0
795 817 880 0
795 818 881 0
800 823 882 0
816 819 883 0
819 820 884 0
819 821 885 0
823 824 886 0
823 825 887 0
823 826 888 0
823 827 889 0
823 828 890 0
823 829 891 0
823 830 892 0
823 831 893 0
823 832 894 0
823 833 895 0
823 834 896 0
823 835 897 0
823 836 898 0
823 837 899 0
823 838 900 0
823 839 901 0
823 840 902 0
823 841 903 0
823 842 904 0
823 843 905 0
823 844 906 0
823 845 907 0
823 846 908 0
823 847 909 0
823 848 910 0
823 849 911 0
823 850 912 0
823 851 913 0
823 852 914 0
823 853 915 0
823 854 916 0
823 855 917 0
823 856 918 0
823 857 919 0
823 858 920 0
823 859 921 0
823 860 922 0
823 861 923 0
823 862 924 0
823 863 925 0
823 864 926 0
823 865 927 0
823 866 928 0
823 867 929 0
823 868 930 0
823 869 931 0
823 870 932 0
823 871 933 0
823 872 934 0
823 873 935 0
823 874 936 0
823 875 937 0
840 897 938 0
849 918 939 0
849 935 940 0
879 880 941 0
879 881 942 0
879 882 943 0
886 897 944 0
890 935 945 0
891 892 946 0
893 894 947 0
893 895 948 0
893 896 949 0
893 897 950 0
896 907 951 0
897 898 952 0
897 899 953 0
897 900 954 0
897 901 955 0
897 902 956 0
897 903 957 0
897 904 958 0
897 905 959 0
897 906 960 0
907 908 961 0
908 918 962 0
909 910 963 0
911 912 964 0
913 914 965 0
915 916 966 0
915 917 967 0
918 919 968 0
918 920 969 0
918 921 970 0
918 922 971 0
918 923 972 0
918 924 973 0
918 925 974 0
918 926 975 0
918 927 976 0
928 929 977 0
930 931 978 0
930 932 979 0
933 934 980 0
935 936 981 0
935 937 982 0
935 938 983 0
935 939 984 0
935 940 985 0
935 941 986 0
935 942 987 0
935 943 988 0
944 945 989 0
946 947 990 0
946 948 991 0
946 949 992 0
950 951 993 1
950 952 994 1
950 953 995 1
950 954 996 1
950 955 997 1
950 956 998 1
957 958 999 1
957 959 1000 1
957 960 1001 1
957 961 1002 1
957 962 1003 1
957 963 1004 1
957 964 1005 1
957 965 1006 1
957 966 1007 1
957 967 1008 1
957 968 1009 1
957 969 1010 1
957 970 1011 1
957 971 1012 1
957 972 1013 1
957 973 1014 1
957 974 1015 1
957 975 1016 1
957 976 1017 1
957 977 1018 1
957 978 1019 1
957 979 1020 1
957 980 1021 1
957 981 1022 1
957 982 1023 1
957 983 1024 1
957 984 1025 1
957 985 1026 1
957 986 1027 1
957 987 1028 1
957 988 1029 1
957 989 1030 1
957 990 1031 1
957 991 1032 1
957 992 1033 1
959 993 1034 1
993 994 1035 1
993 995 1036 1
993 996 1037 1
993 997 1038 1
993 998 1039 1
993 999 1040 1
993 1000 1041 1
993 1001 1042 1
993 1002 1043 1
993 1003 1044 1
993 1004 1045 1
993 1005 1046 1
993 1006 1047 1
993 1007 1048 1
993 1008 1049 1
993 1009 1050 1
993 1010 1051 1
993 1011 1052 1
993 1012 1053 1
993 1013 1054 1
993 1014 1055 1
993 1015 1056 1
993 1016 1057 1
993 1017 1058 1
993 1018 1059 1
993 1019 1060 1
993 1020 1061 1
993 1021 1062 1
993 1022 1063 1
993 1023 1064 1
993 1024 1065 1
993 1025 1066 1
993 1026 1067 1
993 1027 1068 1
993 1028 1069 1
993 1029 1070 1
993 1030 1071 1
993 1031 1072 1
993 1032 1073 1
993 1033 1074 1
993 1034 1075 1
993 1035 1076 1
993 1036 1077 1
993 1037 1078 1
993 1038 1079 1
993 1039 1080 1
993 1040 1081 1
993 1041 1082 1
993 1042 1083 1
993 1043 1084 1
993 1044 1085 1
993 1045 1086 1
993 1046 1087 1
993 1047 1088 1
993 1048 1089 1
993 1049 1090 1
1001 1050 1091 1
1024 1050 1092 1
1034 1050 1093 1
1050 1051 1094 1
1050 1052 1095 1
1050 1053 1096 1
1050 1054 1097 1
1050 1055 1098 1
1050 1056 1099 1
1050 1057 1100 1
1050 1058 1101 1
1050 1059 1102 1
1050 1060 1103 1
1050 1061 1104 1
1050 1062 1105 1
1050 1063 1106 1
1050 1064 1107 1
1050 1065 1108 1
1050 1066 1109 1
1050 1067 1110 1
1050 1068 1111 1
1050 1069 1112 1
1050 1070 1113 1
1050 1071 1114 1
1050 1072 1115 1
1050 1073 1116 1
1050 1074 1117 1
1050 1075 1118 1
1050 1076 1119 1
1050 1077 1120 1
1050 1078 1121 1
1050 1079 1122 1
1050 1080 1123 1
1050 1081 1124 1
1050 1082 1125 1
1050 1083 1126 1
1050 1084 1127 1
1050 1085 1128 1
1050 1086 1129 1
1050 1087 1130 1
1050 1088 1131 1
1050 1089 1132 1
1050 1090 1133 1
1050 1091 1134 1
1050 1092 1135 1
1050 1093 1136 1
1050 1094 1137 1
1050 1095 1138 1
1050 1096 1139 1
1050 1097 1140 1
1050 1098 1141 1
1050 1099 1142 1
1050 1100 1143 1
1050 1101 1144 1
1050 1102 1145 1
1050 1103 1146 1
1050 1104 1147 1
1050 1105 1148 1
1050 1106 1149 1
1050 1107 1150 1
1050 1108 1151 1
1050 1109 1152 1
1050 1110 1153 1
1050 1111 1154 1
1050 1112 1155 1
1050 1113 1156 1
1050 1114 1157 1
1050 1115 1158 1
1050 1116 1159 1
1050 1117 1160 1
1050 1118 1161 1
1050 1119 1162 1
1050 1120 1163 1
1050 1121 1164 1
1050 1122 1165 1
1050 1123 1166 1
1050 1124 1167 1
1050 1125 1168 1
1050 1126 1169 1
1050 1127 1170 1
1050 1128 1171 1
1050 1129 1172 1
1050 1130 1173 1
1068 1131 1174 1
1074 1131 1175 1
1111 1240 1176 2
1131 1132 1177 1
1131 1133 1178 1
1131 1134 1179 1
1131 1135 1180 1
1131 1136 1181 1
1131 1137 1182 1
1131 1138 1183 1
1131 1139 1184 1
1131 1140 1185 1
1131 1141 1186 1
1131 1142 1187 1
1131 1143 1188 1
1131 1144 1189 1
1131 1145 1190 1
1131 1146 1191 1
1131 1147 1192 1
1131 1148 1193 1
1131 1149 1194 1
1131 1150 1195 1
1131 1151 1196 1
1131 1152 1197 1
1131 1153 1198 1
1131 1154 1199 1
1131 1155 1200 1
1131 1156 1201 1
1131 1157 1202 1
1131 1158 1203 1
1131 1159 1204 1
1131 1160 1205 1
1131 1161 1206 1
1131 1162 1207 1
1131 1163 1208 1
1131 1164 1209 1
1131 1165 1210 1
1131 1166 1211 1
1131 1167 1212 1
1131 1168 1213 1
1131 1169 1214 1
1131 1170 1215 1
1131 1171 1216 1
1131 1172 1217 1
1131 1173 1218 1
1131 1174 1219 1
1131 1175 1220 1
1131 1176 1221 1
1131 1177 1222 1
1131 1178 1223 1
1131 1179 1224 1
1131 1180 1225 1
1131 1181 1226 1
1131 1182 1227 1
1131 1183 1228 1
1131 1184 1229 1
1131 1185 1230 1
1131 1186 1231 1
1131 1187 1232 1
1131 1188 1233 1
1131 1189 1234 1
1131 1190 1235 1
1131 1191 1236 1
1131 1192 1237 1
1131 1193 1238 1
1131 1194 1239 1
1131 1195 1240 1
1131 1196 1241 1
1131 1197 1242 1
1198 1199 1243 2
1200 1201 1244 2
1200 1202 1245 2
1202 1203 1246 2
1204 1205 1247 2
1206 1207 1248 2
1208 1209 1249 2
1208 1210 1250 2
1208 1211 1251 2
1212 1213 1252 2
1214 1215 1253 2
1214 1216 1254 2
1214 1217 1255 2
1214 1218 1256 2
1214 1219 1257 2
1214 1220 1258 2
1214 1221 1259 2
1214 1222 1260 2
1214 1223 1261 2
1214 1224 1262 2
1214 1225 1263 2
1214 1226 1264 2
1214 1227 1265 2
1214 1228 1266 2
1214 1229 1267 2
1214 1230 1268 2
1228 1312 1269 2
1231 1232 1270 2
1231 1233 1271 2
1231 1234 1272 2
1231 1235 1273 2
1231 1236 1274 2
1235 1267 1275 2
1237 1238 1276 2
1237 1239 1277 2
1240 1241 1278 2
1240 1242 1279 2
1240 1243 1280 2
1240 1244 1281 2
1240 1245 1282 2
1246 1247 1283 2
1248 1249 1284 2
1250 1251 1285 2
1250 1252 1286 2
1250 1253 1287 2
1250 1254 1288 2
1250 1255 1289 2
1250 1256 1290 2
1250 1257 1291 2
1250 1258 1292 2
1259 1260 1293 2
1259 1261 1294 2
1259 1262 1295 2
1259 1263 1296 2
1259 1264 1297 2
1265 1266 1298 2
1267 1268 1299 2
1267 1269 1300 2
1267 1270 1301 2
1267 1271 1302 2
1267 1272 1303 2
1267 1273 1304 2
1267 1274 1305 2
1267 1275 1306 2
1267 1276 1307 2
1277 1278 1308 2
1279 1280 1309 2
1279 1281 1310 2
1282 1283 1311 2
1282 1284 1312 2
1282 1285 1313 2
1282 1286 1314 2
1282 1287 1315 2
1282 1288 1316 2
1282 1289 1317 2
1282 1290 1318 2
1282 1291 1319 2
1282 1292 1320 2
1282 1293 1321 2
1282 1294 1322 2
1282 1295 1323 2
1282 1296 1324 2
1282 1297 1325 2
1282 1298 1326 2
1282 1299 1327 2
1282 1300 1328 2
1282 1301 1329 2
1282 1302 1330 2
1282 1303 1331 2
1282 1304 1332 2
1282 1305 1333 2
1282 1306 1334 2
1282 1307 1335 2
1282 1308 1336 2
1282 1309 1337 2
1310 1311 1338 2
