0
0 1 
1
2 3 4 
2
5 
3
6 7 8 
4
9 10 
5
11 12 
6
13 
7
14 
8
15 16 17 
9
18 
10
19 
11
20 21 22 23 24 25 
12
26 
13

14
27 28 29 30 
15
31 
16
32 33 
17
34 35 36 37 38 39 40 41 
18
42 43 
19
44 
20
45 46 47 48 49 50 
21
51 
22
52 53 54 
23
55 
24
56 57 
25
58 59 60 
26
61 62 63 
27
64 65 66 
28
67 68 
29
69 
30
70 71 
31
72 73 74 75 76 77 78 
32
79 80 81 
33
82 83 84 85 86 87 88 89 90 91 92 93 94 95 96 97 98 99 100 101 102 103 104 105 106 107 108 109 110 111 112 113 
34
114 115 116 117 118 119 120 121 122 123 124 125 126 127 128 129 130 131 132 133 134 
35
135 136 137 138 139 140 141 142 143 144 145 146 147 
36
148 149 
37
150 151 152 153 
38
154 
39
155 
40
156 
41
157 
42
158 159 
43
160 
44
161 
45
162 163 164 
46
165 
47
166 
48
167 
49
168 169 170 
50
171 
51
172 173 
52
174 
53
175 
54
176 177 
55
178 
56
179 180 
57
181 182 183 184 
58
185 
59
186 187 188 
60
189 190 191 192 193 194 195 196 197 198 199 200 201 202 203 204 205 206 207 208 209 210 211 212 213 214 215 216 217 218 219 220 
61
221 222 223 
62
224 225 226 227 
63
228 229 230 231 
64
232 
65
233 
66
234 
67
235 236 
68
237 238 
69
239 240 241 
70
242 
71
243 
72
244 245 246 247 248 249 
73
250 251 252 253 
74
254 
75
255 
76
256 257 258 
77
259 260 261 
78
262 263 
79
264 265 
80
266 
81
267 268 269 
82
270 
83
271 272 273 274 
84
275 276 277 278 279 280 281 
85
282 
86
283 
87
284 
88
285 
89
286 287 
90
288 289 290 291 292 293 294 
91
295 296 297 298 
92
299 300 
93
301 302 
94
303 304 305 
95
306 307 
96
308 309 
97
310 311 312 
98
313 
99
314 
100
315 316 317 318 319 
101
320 321 322 323 324 325 
102
326 
103
327 328 329 330 
104
331 332 
105
333 
106
334 335 336 
107
337 338 
108
339 340 341 342 343 
109
344 345 346 347 348 
110
349 350 
111
351 
112
352 353 354 355 
113
356 357 
114
358 359 
115
360 
116
361 362 363 
117
364 365 366 
118
367 
119
368 
120
369 370 371 
121
372 373 
122
374 375 376 377 
123
378 379 368 380 
124
381 382 
125
383 384 385 
126
386 
127
387 
128
388 389 390 
129
391 392 393 394 
130
395 396 
131
397 
132
398 
133
399 400 
134
401 402 403 404 405 
135

136
406 
137

138

139
407 
140
408 409 
141

142
410 
143
411 412 
144
413 
145
414 415 416 
146
417 
147
418 419 
148
420 421 
149
422 
150
423 424 
151
425 426 427 428 429 430 431 
152
432 
153
433 434 
154
435 436 437 
155
438 
156
439 
157
440 
158
441 442 
159
443 444 
160
445 446 
161
447 
162
448 449 450 451 452 453 454 455 456 457 458 459 460 461 462 463 464 
163
465 466 
164
467 
165
468 
166
469 470 471 
167
472 
168
473 474 475 476 477 478 479 480 481 482 
169
483 484 485 486 487 488 489 490 491 492 493 
170
494 495 496 497 498 499 500 501 502 503 504 505 506 507 
171
508 509 
172
510 
173
511 512 513 514 
174
515 
175
516 
176
517 518 519 
177
520 
178
521 522 523 524 525 526 527 
179
528 529 
180
530 531 
181
532 
182
533 
183
534 535 536 
184
537 538 
185
539 540 541 542 543 
186
544 545 
187
546 
188
547 548 
189
549 
190
550 551 
191
552 553 554 
192
555 556 557 558 559 560 561 562 563 564 
193
565 
194
566 567 
195
568 569 570 571 572 
196
573 574 
197
575 
198
576 
199
577 578 
200
579 580 581 
201
582 
202
583 584 
203
585 586 
204
587 588 589 
205
590 
206
591 592 593 
207
594 595 
208
596 597 598 599 600 
209
601 602 603 604 
210
605 606 
211
607 608 
212
609 610 611 612 613 614 615 616 617 618 619 
213
620 621 622 
214
623 
215
624 625 
216
626 
217
627 628 
218
629 630 631 
219
632 
220
633 634 
221
635 
222
636 637 638 639 
223
640 
224
641 642 
225
643 644 
226
645 646 647 
227
648 
228
649 650 651 652 653 
229
654 
230
655 
231
656 
232
657 658 659 660 
233
661 662 663 664 
234
665 666 
235
667 
236
668 
237
669 670 
238
671 672 673 674 675 676 677 678 679 680 681 682 683 
239
684 685 686 687 
240
688 689 690 691 692 693 694 695 696 
241
697 698 699 700 
242
701 702 703 
243
704 705 706 707 708 709 
244
710 
245
711 712 
246
713 
247
714 715 716 717 
248
718 
249
719 720 
250
721 722 723 
251
724 
252
725 726 
253
727 
254
728 729 
255
730 
256
731 732 
257
733 734 
258
735 
259
736 
260
737 
261
738 
262
739 740 741 742 743 
263
744 
264
745 
265
746 747 
266
748 
267
749 
268
750 
269
751 
270
752 
271
753 
272
754 
273
755 
274
756 
275
757 758 
276
759 760 
277
761 762 763 764 765 
278
766 767 768 769 
279
770 
280
771 
281
772 
282
773 
283
774 
284
775 776 
285
777 778 
286
779 
287
780 
288
781 782 
289
783 784 785 786 
290
787 788 
291
789 790 
292
791 
293
792 
294
793 794 795 
295
796 
296
797 
297
798 
298
799 
299
800 
300
801 802 
301
803 
302
804 805 806 
303
807 
304
808 
305
809 
306
810 
307
811 
308
812 
309
813 814 
310
815 816 817 818 819 820 821 822 823 824 
311
825 
312
826 
313
827 828 
314
829 
315
830 
316
831 
317
832 
318
833 
319
834 
320
835 836 837 
321
838 
322
839 
323
840 
324
841 
325
842 
326
843 
327
844 845 
328
846 847 848 
329
849 
330
850 
331
851 852 
332
853 
333
854 855 856 857 
334
858 859 860 
335
861 862 863 864 
336
865 866 867 868 
337
869 870 871 
338
872 
339
873 
340
874 
341
875 
342
876 877 
343
878 879 880 
344
881 882 
345
883 884 
346
885 
347
886 887 888 889 890 
348
891 
349
892 
350
893 894 
351
895 
352
896 
353
897 898 
354
899 900 
355
901 
356
902 903 904 
357
905 
358
906 907 908 909 
359
910 911 
360
912 913 
361
914 915 916 
362
917 918 919 920 921 
363
922 923 
364
924 925 
365
926 927 928 929 930 
366
931 
367
932 
368
933 934 935 936 937 938 939 940 941 942 943 944 945 
369
946 947 
370
948 
371
949 950 
372
951 
373
952 
374
953 954 
375
955 956 
376
957 958 959 960 961 962 963 964 965 
377
966 
378
967 968 
379
969 
380
970 971 972 973 974 975 976 
381
977 
382
978 
383
979 
384
980 
385
981 
386
982 
387
983 
388
984 985 986 
389
987 
390
988 989 990 991 
391
992 993 
392
994 
393
995 
394
996 
395
997 
396
998 999 
397
1000 1001 
398
1002 1003 
399
1004 
400
1005 
401
1006 
402
1007 
403
1008 1009 
404
1010 
405
1011 1012 
406
1011 1013 
407
1014 
408
1015 1016 
409
1017 
410
1018 
411
1019 1020 
412
1021 
413
1022 
414
1023 
415
1024 1025 
416
1026 
417
1027 
418
1028 
419
1029 
420
1030 
421
1031 1032 1033 1034 1035 
422
1036 1037 1038 
423
1039 1040 1041 
424
1042 
425
1043 
426
1044 
427
1045 
428
1046 1047 1048 1049 1050 
429
1051 
430
1052 
431
1053 
432
1054 
433
1055 
434
1056 
435
1057 
436
1058 1059 
437
1060 1061 1062 
438
1063 
439
1064 
440
1065 
441
1066 1067 
442
1068 
443
1069 
444
1070 
445
1071 1072 
446
1073 
447
1074 
448
1075 1076 
449
1077 
450
1078 1079 1080 1081 1082 1083 
451
1084 1085 
452
1086 1087 
453
1088 
454
1089 
455
1090 
456
1091 
457
1092 
458
1093 1094 
459
1095 
460
1096 
461
1097 
462
1098 1099 
463
1100 1101 
464
1102 1103 1104 
465
1105 1106 1107 1108 1109 1110 1111 
466
1112 
467
1113 
468
1114 1115 
469
1116 1117 
470
1118 1119 1120 1121 1122 1123 1124 1125 
471
1126 
472
1127 1128 
473
1129 1130 1131 
474
1132 
475
1133 1134 1135 1136 1137 
476
1138 1139 1140 
477
1141 1142 
478
1143 
479
1144 1145 
480
1146 1147 
481
1148 1149 
482
1150 
483
1151 1152 1153 1154 1155 1156 1157 1158 1159 1160 1161 1162 1163 1164 1165 1166 1167 1168 1169 1170 1171 1172 1173 1174 1175 1176 1177 1178 1179 1180 1181 1182 1183 1184 1185 1186 1187 1188 1189 1190 1191 1192 1193 1194 1195 1196 1197 
484
1198 1199 
485
1200 
486
1201 1202 1203 1204 1205 1206 
487
1207 1208 1209 
488
1210 
489
1211 1212 1213 1214 1215 
490
1216 
491
1217 1218 1103 
492
1219 1220 
493
1221 
494
1222 1223 1224 
495
1225 1226 
496
1227 
497
1228 1229 1230 1231 1232 1233 1234 1235 1236 1237 1238 1239 1240 1241 1242 1243 1244 1245 1246 1247 1248 1249 1250 1251 
498
1252 
499
1253 1254 
500
1255 1256 1257 
501
1258 1259 1260 1261 1262 1263 1264 1265 1266 1267 1268 1269 1270 1271 
502
1272 1273 1274 
503
1275 1276 1277 
504
1278 
505
1279 1280 1281 
506
1282 
507
1283 1284 1285 1286 1287 1288 1289 1290 
508
1291 
509
1292 1293 1294 1295 1296 
510
1297 
511
1298 
512
1299 
513
1300 1301 1302 1303 
514
1304 
515
1305 
516
1306 1307 1308 1309 1310 
517
1311 
518
1312 
519
1313 1314 1315 1316 
520
1317 1318 1319 
521
1320 
522
1321 
523
1322 1323 1324 
524
1325 1326 
525
1327 
526
1328 1329 1330 
527
1331 1332 
528
1333 1334 
529
1335 
530
1336 1337 
531
1338 1339 
532
1340 1341 
533
1342 1343 1344 1345 
534
1346 1347 1348 1349 
535
1350 1351 1352 1353 1354 1355 
536
1356 1357 1358 
537
1359 1360 
538
1361 1362 1363 
539
1364 1365 1366 1367 1368 1369 
540
1370 1371 
541
1372 1373 1374 1375 
542
1376 1377 1378 
543
1379 
544
1380 1381 1382 1383 1384 1385 1386 1387 1388 1389 1390 1391 1392 1393 1394 
545
1395 
546
1396 1397 
547
1398 
548
1399 1400 1401 
549
1402 
550
1403 1404 1405 1406 1407 
551
1408 1409 
552
1410 1411 1412 1413 
553
39 1414 1415 1416 1417 
554
1418 1419 
555
1420 
556
1421 
557
1422 
558
1423 1424 1425 1426 1427 1428 1429 
559
1430 1431 1432 1433 1434 1435 1436 1437 
560
1438 1439 1440 
561
1441 
562
1442 1443 1444 1445 1446 1447 1448 1449 1450 1451 
563
1452 1453 
564
1454 1455 1456 
565
1457 1458 1459 1460 1461 
566
1462 1463 1464 1465 1466 1467 1468 1469 1470 
567
1471 1472 
568
1473 
569
1474 1475 
570
1476 1477 1478 1479 
571
1480 1481 1482 1483 1484 
572
1485 1486 1487 1488 1489 1490 1491 1492 1493 1494 1495 1496 1497 1498 1499 1500 1501 1502 1503 1504 1505 1506 1507 1508 1509 1510 1511 1512 1513 1514 1515 1516 1517 1518 1519 1520 1521 1522 1523 1524 1525 
573
1526 1527 1528 1529 1530 1531 1532 1533 1534 1535 1536 1537 1538 1539 1540 1541 1542 1543 1544 1545 1546 1547 1548 1549 1550 
574
1551 1552 1553 1554 1555 1556 1557 1558 1559 1560 
575
1561 1562 1563 1564 1565 1566 1567 1568 1569 1570 
576
1571 
577
1572 1573 1574 
578
1575 
579
1576 1577 1578 1579 
580
1580 1581 1582 
581
1583 1584 
582
1585 
583
1586 
584
1587 1588 1589 1590 1591 1592 1593 1594 
585
1595 1596 1597 
586
1598 1599 
587
1600 1601 1602 1603 
588
1604 1605 1606 1607 1608 1609 
589
1610 1611 1612 1613 1614 1615 1616 
590
1617 1618 
591
1619 
592
1620 1621 1622 1623 
593
1624 
594
1625 
595
1626 
596
1627 1628 
597
1629 
598
1630 1631 
599
1632 1633 
600
1634 
601
1635 
602
1636 1637 1638 1639 1640 1641 1642 1643 1644 1645 
603
1646 
604
1647 1648 
605
1649 
606
1650 
607
1651 1652 
608
1653 1654 1655 
609
1656 
610
1657 1658 
611
1659 
612
1660 1661 
613
1662 
614
1663 1664 1665 1666 
615
1667 
616
1668 
617
1669 1670 1671 1672 1673 1674 1675 1676 1677 1678 1679 1680 1681 1682 1683 1684 
618
1685 1686 
619
1687 1688 1689 1690 1691 1692 1693 1694 
620
1695 1696 
621
1697 1698 1699 
622
1700 
623
1701 1702 1703 1704 1705 1706 1707 1708 1709 
624
1710 1711 1712 1713 
625
1714 1715 1716 
626
1717 
627
1718 
628
1719 1720 1721 
629
1722 1723 1724 1725 
630
1726 1727 1728 1729 1730 1731 1732 1733 1734 
631
1735 1736 1737 1738 
632
1739 1740 1741 
633
1742 1743 
634
1744 1745 1746 1747 
635
1748 1749 
636
1750 1751 1752 1365 1753 1754 1755 1756 
637
1757 
638
1758 
639
1759 1760 
640
1761 1762 
641
1763 
642
1764 
643
1765 
644
1766 1767 
645
1768 
646
1769 
647
1770 
648
1771 
649
1772 
650
1773 
651
1774 
652
1775 1776 
653
1777 1778 1779 
654
1780 1781 1782 
655
1783 
656
1784 1785 
657
1786 1787 1788 
658
1789 1790 
659
1791 1792 
660
1793 1794 
661
1795 1796 1797 
662
1798 
663
1799 1800 
664
1801 
665
1802 1803 
666
1804 
667
1805 1806 
668
1807 
669
1808 1809 
670
1810 1811 
671
1812 1813 1814 1815 1816 1817 
672
1818 
673
1819 1820 1821 
674
1822 
675
1823 
676
1824 1825 
677
1826 
678
1827 
679
1828 1829 
680
1830 1831 1832 
681
1833 1834 1835 1836 1837 1838 1839 1840 1841 
682
1842 
683
1843 
684
1844 1845 1846 1847 
685
1848 
686
1849 
687
1850 1851 
688
1852 
689
1853 
690
1854 
691
1855 
692
1856 1857 
693
1858 1859 
694
1860 1861 
695
1862 
696
1863 
697
1864 
698
1865 
699
1866 
700
1867 1868 
701
1869 
702
1870 
703
1871 1872 
704
1873 
705
1874 1875 
706
1876 
707
1877 
708
1878 
709
1879 
710
1880 
711
1881 1882 1883 
712
1884 1885 1886 1887 1888 
713
1889 
714
1890 
715
1891 1892 
716
1893 1894 
717
1895 
718
1896 
719
1897 
720
1898 
721
1899 
722
1900 
723
1901 1902 
724
1903 1904 1905 
725
1906 1907 
726
1908 
727
1909 1910 1911 
728
1912 
729
1913 1914 
730
1915 
731
1916 1917 1918 
732
1919 
733
1920 1921 
734
1922 
735
1923 1924 1925 
736
1926 
737
1927 
738
1928 
739
1929 1930 
740
1931 
741
1932 
742
1933 1934 
743
1935 
744
1936 
745
1937 
746
1938 1846 
747
1939 1940 
748
1941 1942 1943 
749
1944 
750
1945 
751
1946 1947 
752
1948 
753
1949 
754
1950 
755
1951 1952 
756
1953 
757
1954 1955 
758
1956 1957 
759
1958 
760
1959 
761
1960 
762
1961 
763
1962 
764
1963 1964 1965 1966 
765
1967 
766
1968 1969 1970 
767
1971 1972 
768
1973 1974 
769
1975 1976 1977 
770
1978 
771
1979 
772
1980 1981 1982 1983 1984 
773
1985 
774
1986 
775
1987 
776
1988 
777
1989 
778
1990 
779
1991 1992 
780
1993 1994 
781
1995 
782
1996 
783
1997 
784
1998 1999 
785
2000 
786
2001 
787
2002 2003 2004 
788
2005 2006 2007 
789
2008 
790
2009 2010 
791
2011 
792
2012 2013 
793
2014 
794
2015 
795
2016 
796
2017 
797
2018 2019 2020 2021 
798
2022 
799
2023 
800
2024 2025 2026 2027 2028 2029 2030 2031 
801
2032 
802
2033 
803
2034 2035 2036 
804
2037 
805
2038 2039 1341 
806
2040 2041 
807
2042 
808
2043 2044 2045 
809
2046 2047 2048 
810
2049 2050 
811
2051 2052 2053 2054 
812
2055 2056 2057 
813
2058 2059 2060 2061 2062 2063 2064 2065 2066 2067 2068 2069 
814
2070 2071 2072 2073 2074 2075 2076 2077 2078 2079 2080 2081 2082 
815
2083 2084 2085 2086 2087 
816
2088 
817
2089 2090 2091 
818
2092 
819
2093 
820
2094 
821
2095 
822
2096 2097 
823
2098 
824
2099 
825
2100 
826
2101 
827
2102 
828
2103 2104 2105 2106 
829
2107 
830
2108 2109 
831
2110 
832
2111 2112 
833
2113 2114 
834
2115 2116 
835
2117 2118 
836
2119 2120 2121 
837
2122 2123 
838
2124 
839
2125 
840
2126 
841
2127 
842
2128 
843
2129 2130 2131 
844
2132 
845
2133 2134 
846
2135 2136 
847
2137 2138 
848
2139 2140 
849
2141 
850
2142 2143 2144 2145 2146 
851
2147 2148 2149 2150 2151 
852
2152 2153 2154 
853
2155 2156 2157 2158 2159 2160 2161 
854
2162 
855
2163 2164 
856
2165 2166 
857
2167 
858
2168 
859
2169 2170 
860
2171 2172 2173 2174 2175 2176 2177 2178 2179 
861
2180 2181 2182 
862
2183 2184 
863
2185 2186 2187 2188 
864
2189 
865
2190 2191 2192 2193 2194 2195 2196 
866
2197 
867
2198 2199 
868
2200 2201 
869
2202 2203 
870
2204 2205 2206 
871
2207 2208 
872
2209 2210 2211 2212 2213 2214 2215 2216 
873
2217 2218 2219 2220 2221 2222 2223 2224 2225 2226 2227 2228 2229 2230 2231 2232 2233 2234 
874
2235 2236 2237 
875
2238 
876
2239 2240 
877
2241 2242 2243 
878
2244 
879
2245 
880
2246 
881
2247 
882
2248 
883
2249 
884
2250 
885
2251 2252 2253 2254 2255 
886
2256 2257 
887
2258 2259 
888
2260 2261 
889
2262 2263 
890
2264 2265 
891
2266 
892
2267 
893
2268 2269 
894
2270 2271 
895
2272 2273 
896
2274 
897
2275 2276 2277 
898
2278 2279 2280 
899
2281 2282 2283 
900
2284 2285 
901
2286 2287 
902
2288 2289 2290 
903
2291 
904
2292 
905
2293 
906
2294 2295 
907
2296 
908
2297 2298 2299 2300 2301 2302 
909
2303 2304 2305 2306 
910
2307 2308 
911
2309 
912
2310 2311 
913
2312 
914
2313 
915
2314 2315 
916
2316 2317 
917
2318 2319 
918
2320 
919
2321 2322 2323 
920
2324 2325 
921
2326 
922
2327 2328 
923
2329 
924
2330 2331 
925
2307 2332 
926
2333 
927
2334 
928
2335 
929
2336 2337 2338 2339 2340 2341 2342 2343 2344 2345 
930
2346 
931
2347 2348 2349 
932
2350 2351 2352 
933
2353 
934
2354 
935
2355 
936
2356 2357 2358 
937
2359 
938
2360 2361 2362 2363 2364 2365 2366 2367 
939
2368 
940
2369 
941
2370 
942
2371 2372 
943
2373 
944
2374 2375 2376 
945
2377 
946
2378 2379 
947
759 760 
948
2380 
949
2381 2382 
950
2383 
951
2384 2385 
952
2386 2387 
953
2388 2389 2390 
954
2391 
955
2392 2393 
956
2394 2395 2396 
957
2397 2244 
958
2398 2399 
959
2400 2401 2402 2403 
960
2404 2405 
961
2406 
962
2407 2408 
963
2409 
964
2410 
965
2411 
966
2412 2413 2414 2415 
967
2416 
968
2417 2418 2419 
969
2420 
970
2421 2422 
971
2423 
972
2424 2425 2426 
973
2427 
974
2428 2429 
975
2430 2431 
976
2432 
977
2433 2434 
978
2435 2436 
979
2437 2438 
980
2439 
981
2440 
982
2441 2442 
983
2443 2444 2445 
984
2446 
985
2447 2448 2449 
986
2450 
987
2451 2452 
988
2453 2454 2455 
989
2456 2457 
990
2458 2459 
991
2460 2461 
992
2462 
993
2463 2464 2465 
994
2466 2467 
995
2468 
996
2469 
997
2470 2471 
998
2472 2473 
999
2474 2475 2476 2477 2478 
1000
2479 
1001
2480 2481 2482 2483 
1002
2484 
1003
2485 2486 
1004
2487 2488 
1005
2489 2490 
1006
2491 2492 
1007
2493 2494 
1008
2495 
1009
2496 2497 2498 
1010
2499 2500 2501 2502 2503 2504 2505 2506 2507 2508 2509 2510 2511 2512 2513 2514 2515 2516 
1011
2517 2518 2519 2520 
1012
2521 
1013
2522 2523 2524 2525 2526 2527 2528 2529 2530 2531 2532 2533 2534 2535 
1014
2536 2537 2538 
1015
2539 2540 2541 2542 2543 2544 2545 2546 2547 2548 2549 2550 2551 2552 2553 
1016
2554 
1017
2555 
1018
2556 
1019
2557 
1020
2558 2559 2560 
1021
2561 2562 2563 2564 2565 2566 2567 2568 2569 
1022
2570 
1023
2571 2572 2573 2574 2575 2576 2577 2578 2579 2580 2581 2582 2583 2584 2585 2586 
1024
2587 2588 
1025
2589 2590 2591 2592 2593 2594 2595 2596 2597 2598 2599 
1026
2600 2601 2602 2603 2604 2605 2606 
1027
2607 2608 2609 
1028
2610 2611 2612 
1029
2613 2614 2615 2616 2617 2618 2619 2620 
1030
2621 2622 
1031
2623 
1032
2624 2625 
1033
2626 2627 
1034
2628 2629 
1035
2630 2631 2632 2633 2634 2635 
1036
2636 
1037
2637 2638 
1038
2639 
1039
2640 
1040
2641 
1041
2642 
1042
2643 
1043
2644 
1044
2645 
1045
2646 
1046
2647 
1047
2648 
1048
2649 
1049
2650 2651 2652 2653 2654 
1050
2655 2656 2657 
1051
2658 2659 
1052
2660 2661 
1053
2662 
1054
2663 2664 2665 
1055
2666 2667 2668 2669 2670 2671 2672 
1056
2673 2674 
1057
2675 2676 
1058
2677 2678 
1059
2679 
1060
2680 
1061
2681 
1062
2682 2683 2684 
1063
2685 
1064
2686 2687 2688 2689 2690 2691 2692 2693 
1065
2694 
1066
2695 2696 2697 2698 2699 2700 1731 2701 2702 
1067
2703 
1068
2704 
1069
2705 2706 
1070
2707 
1071
2708 
1072
2709 2710 
1073
2711 2712 2713 2714 
1074
2715 2716 
1075
2717 2718 2719 
1076
2720 2721 
1077
2722 
1078
2723 
1079
2724 
1080
2725 2726 2727 2728 2729 2730 
1081
2731 
1082
2732 
1083
2733 2734 
1084
2735 2736 
1085
2737 2738 
1086
2739 2740 
1087
2741 2742 
1088
2743 2744 2745 2746 
1089
2747 2748 
1090
2749 2750 2751 2752 2753 2754 2755 2756 2757 2758 2759 
1091
2760 2761 2762 2763 2764 2765 2766 2767 2768 
1092
2769 
1093
2770 2771 2772 2773 2774 2775 2776 2777 2778 
1094
2779 
1095
2780 2781 2782 
1096
2783 2784 2785 
1097
2786 
1098
2787 
1099
2788 
1100
2789 
1101
2790 
1102
2791 2792 2793 2794 2795 2796 2797 2798 
1103
2799 2800 2801 2802 2803 2804 2805 2806 2807 2808 2809 2810 
1104
2811 2812 
1105
2813 
1106
2814 
1107
2815 
1108
2816 2817 
1109
2818 2819 
1110
2820 
1111
2821 
1112
2822 
1113
2823 
1114
2824 
1115
2825 
1116
2826 
1117
2827 
1118
2828 
1119
2829 
1120
2830 
1121
2831 
1122
2832 
1123
2833 
1124
2834 2835 
1125
2836 2837 2838 2839 2840 2841 2842 2843 2844 2845 2846 2847 
1126
2848 2849 2850 2851 2852 2853 
1127
2854 2855 2856 
1128
2857 2858 2859 2860 2861 
1129
2862 2863 2864 2865 
1130
2866 
1131
2867 
1132
2868 2869 2870 2871 2872 
1133
2873 
1134
2874 
1135
2875 2876 2877 
1136
2878 2879 2880 
1137
2881 
1138
2882 2883 2884 2885 2886 2887 2888 2889 2890 2891 2892 
1139
2893 
1140
2894 2895 2896 2897 2898 2899 2900 2901 
1141
2902 2903 
1142
2904 
1143
2905 2906 
1144
2907 2908 2909 2910 2911 2912 
1145
2913 2914 2915 
1146
2916 2917 2918 
1147
2919 
1148
2920 2921 2922 
1149
2923 2924 2925 2926 2927 
1150
2928 2929 
1151
2930 
1152
2931 
1153
2932 2933 2934 2935 2936 2937 2938 2939 2940 2941 
1154
2942 2879 1393 1393 
1155
2943 
1156
2944 2945 2946 2947 
1157
2948 2949 2950 2951 
1158
2952 2953 
1159
2954 
1160
2955 
1161
2956 2957 
1162
2958 2959 
1163
2960 2961 2962 2963 
1164
2964 
1165
2965 2966 2967 2968 2969 2970 2971 2972 2973 2974 2975 2976 2977 2978 2979 2980 2981 2982 2983 2984 2985 
1166
2986 2987 2988 
1167
2989 2990 
1168
2991 
1169
2992 2993 
1170
2994 2995 2996 2997 
1171
2998 2999 
1172
3000 3001 3002 3003 
1173
3004 3005 
1174
3006 3007 
1175
3008 3009 3010 
1176
3011 3012 3013 3014 
1177
3015 3016 3017 3018 3019 
1178
3020 
1179
3021 3022 
1180
3023 3024 
1181
3025 3026 3027 
1182
3028 3029 3030 3031 3032 3033 3034 3035 
1183
3036 3037 
1184
3038 
1185
3039 3040 
1186
3041 
1187
3042 3043 3044 
1188
3045 3046 3047 
1189
3048 
1190
3049 3050 
1191
3051 3052 3053 3054 3055 3056 3057 3058 
1192
3059 3060 
1193
3061 
1194
3062 3063 3064 3065 3066 
1195
3067 3068 3069 3070 3071 3072 3073 3074 3075 3076 3077 3078 3079 3080 
1196
3081 3082 
1197
3083 
1198
3084 3085 
1199
3086 
1200
3087 
1201
3088 3089 
1202
3090 
1203
3091 3092 3093 3094 
1204
3095 3096 3097 
1205
3098 
1206
3099 3100 
1207
3101 3102 
1208
3103 3104 3105 3106 3107 3108 3109 3110 3111 3112 
1209
3113 
1210
3114 3115 3116 3117 3118 3119 
1211
3120 3121 3122 398 
1212
3123 
1213
3124 
1214
3125 3126 
1215
3127 3128 
1216
3129 
1217
3130 3131 3132 3133 3134 
1218
3135 
1219
3136 
1220
3137 3138 
1221
3139 3140 
1222
3141 3142 
1223
3143 
1224
3144 
1225
3145 
1226
3146 
1227
3147 
1228
3148 
1229
3149 3150 
1230
3151 
1231
3152 3153 3154 
1232
3155 3156 
1233
3157 3158 3159 3160 3161 3162 3163 
1234
3164 3165 3166 
1235
3167 3168 3169 3170 
1236
3171 
1237
3172 
1238
3173 3174 3175 3176 
1239
3177 
1240
3178 
1241
3179 
1242
3180 3181 
1243
3182 3183 
1244
3184 1846 3185 
1245
3186 3187 3188 
1246
3189 3190 3191 3192 3193 3194 
1247
3195 3196 
1248
3197 3198 
1249
3199 3200 3201 
1250
3202 3203 3204 3205 3206 
1251
3207 
1252
3208 
1253
3209 3210 3211 3212 
1254
3213 
1255
3214 
1256
3215 3216 3217 
1257
3218 3219 
1258
3220 3221 3222 3223 
1259
3224 3225 3226 3227 
1260
3228 3229 
1261
3230 
1262
3231 3232 
1263
3233 3234 
1264
3235 3236 3237 
1265
3238 3239 
1266
3240 
1267
3241 3242 
1268
3243 3244 
1269
3245 3246 
1270
3247 3248 3249 3250 3251 3252 3253 
1271
3254 3255 3254 3255 
1272
3256 3257 
1273
3258 
1274
3259 3260 
1275
3261 
1276
3262 
1277
3263 
1278
3264 3265 3266 
1279
3267 3268 3269 3270 
1280
3271 
1281
3272 3273 
1282
3274 3275 3276 3277 3278 3279 
1283
3280 3281 3282 3283 3284 3285 
1284
3286 
1285
3287 
1286
3288 3289 3290 3291 
1287
3292 3293 
1288
3294 
1289
3295 3296 3297 
1290
3298 
1291
3299 3300 
1292
3301 3302 3303 3304 
1293
3305 3306 
1294
3307 
1295
3308 3309 3310 3311 3312 3313 
1296
3314 3315 3316 3317 3318 
1297
3319 
1298
3320 
1299
3321 
1300
3322 
1301
3323 3324 
1302
3325 
1303
3326 3327 3328 3329 
1304
3330 3331 3332 3333 3334 
1305
3335 3336 3337 
1306
3338 
1307
3339 
1308
3340 
1309
3341 
1310
3342 
1311
3343 
1312
3344 
1313
3345 3346 
1314
3347 3348 3349 
1315
3350 
1316
3351 
1317
3352 3353 3354 3355 3356 3357 
1318
3358 
1319
3359 
1320
3360 
1321
3361 
1322
3362 3363 
1323
3364 
1324
3365 903 3366 3367 3368 
1325
3369 
1326
3370 
1327
3371 3372 
1328
3373 3374 
1329
3375 
1330
3376 3377 
1331
3378 
1332
3379 3380 
1333
3381 3382 
1334
3383 
1335
3384 
1336
3385 
1337
3386 3387 
1338
3388 
1339
3389 3390 3391 
1340
3392 
1341
3393 
1342
3394 3395 
1343
3396 3397 
1344
3398 3399 3400 3401 3402 3403 
1345
3404 
1346
3405 3406 
1347
3407 3408 
1348
3409 
1349
3410 3411 3412 3413 
1350
3414 
1351
3415 3416 
1352
3417 3418 3419 3420 3421 3422 3423 3424 3425 3426 3427 
1353
3428 
1354
3429 
1355
3430 3431 
1356
3432 3433 
1357
3434 
1358
3435 
1359
3436 
1360
3437 3438 
1361
3439 
1362
3440 
1363
3441 
1364
3442 3443 
1365
3444 3445 3446 
1366
3447 
1367
3448 3449 
1368
3450 3451 
1369
2821 
1370
3452 
1371
3453 
1372
3454 
1373
3455 
1374
3456 3457 
1375
3458 3459 
1376
3460 
1377
3461 
1378
3462 
1379
3463 
1380
3464 
1381
3465 
1382
3466 
1383
3467 
1384
3468 
1385
3469 
1386
3470 3471 
1387
635 
1388
3472 3473 
1389
3474 
1390
3475 
1391
3476 
1392
3477 
1393
3478 
1394
3479 
1395
3480 
1396
3481 
1397
3482 
1398
3483 
1399
3484 
1400
3485 
1401
3486 3487 
1402
3488 3489 3490 3491 3492 
1403
3493 
1404
3494 3495 
1405
3496 
1406
3497 3498 3499 
1407
3500 3501 
1408
3502 
1409
3503 
1410
3504 
1411
620 3505 
1412
3506 
1413
3507 3508 3509 3510 
1414
3511 
1415
3512 
1416
3513 
1417
3514 
1418
3515 
1419
3516 
1420
648 
1421
3517 
1422
3518 3519 3520 3521 
1423
264 3522 3523 
1424
3524 3525 3526 
1425
3527 
1426
3528 
1427
3529 
1428
3530 3531 3532 
1429
2830 
1430
3533 
1431
3534 
1432
3535 3536 
1433
3537 3538 
1434
3539 3540 3541 
1435
3542 3543 
1436
3544 
1437
3545 3546 3547 
1438
3548 
1439
3549 
1440
3550 3551 
1441
3552 
1442
3553 
1443
3554 
1444
3555 
1445
3556 
1446
3557 3558 
1447
3559 3560 3561 
1448
3562 3563 
1449
3564 3565 3566 
1450
3567 
1451
3568 3569 
1452
3570 3571 
1453
3572 
1454
3573 
1455
3574 
1456
3575 3576 
1457
3577 3578 3579 3580 3581 
1458
3582 3583 3584 
1459
3585 3586 
1460
3587 
1461
3588 
1462
3589 
1463
3590 3591 
1464
3592 
1465
3593 
1466
3594 
1467
3595 3596 3597 
1468
3598 
1469
3599 3600 3601 
1470
3602 3603 
1471
3604 3605 
1472
3606 3607 3608 3609 3610 
1473
3611 
1474
3612 3613 
1475
3614 3615 
1476
3616 
1477
3617 3618 
1478
3619 3620 
1479
3621 
1480
3622 
1481
3623 
1482
3624 
1483
3625 3626 
1484
3627 3628 3629 
1485
3630 
1486
3631 
1487
3632 
1488
3633 
1489
3634 3635 
1490
3636 3637 
1491
3638 3639 3640 
1492
3641 
1493
3642 3643 
1494
3644 3645 
1495
3646 
1496
3647 
1497
3648 3649 
1498
3650 
1499
3651 3652 
1500
3653 3654 3655 3656 
1501
3657 3658 3659 3660 3661 3662 
1502
3663 3664 
1503
3665 
1504
3666 3667 
1505
3668 
1506
3669 
1507
3670 3671 
1508
3672 
1509
3673 
1510
3674 
1511
3675 
1512
3676 
1513
3677 
1514
3678 
1515
3679 
1516
3680 3681 
1517
3682 
1518
3683 3684 
1519
3685 
1520
3686 3687 
1521
3688 
1522
3689 3690 3691 
1523
3692 
1524
3693 3694 
1525
3695 3696 3697 3698 
1526
3699 3700 3701 3702 3703 
1527
3704 
1528
3705 
1529
3706 
1530
3707 
1531
3708 
1532
3709 3710 3711 3712 3713 
1533
3714 3715 3716 3717 
1534
3718 3719 3720 3721 
1535
3722 
1536
3723 
1537
3724 
1538
3725 3726 
1539
3727 
1540
3728 3729 
1541
3730 
1542
3731 3732 3733 
1543
3734 3735 3736 3737 3738 
1544
3739 3740 3741 3742 3743 3744 
1545
3745 3746 3747 3748 3749 3750 3751 
1546
3752 
1547
3753 3754 
1548
3755 
1549
3756 
1550
3757 3758 
1551
3759 
1552
3760 
1553
3761 
1554
3762 
1555
3763 
1556
3764 
1557
3765 
1558
3766 
1559
3767 3768 
1560
633 
1561
3769 3770 
1562
3771 
1563
3772 3773 
1564
3774 
1565
3775 
1566
3776 3777 
1567
3778 3779 3780 3781 
1568
3782 
1569
3783 3784 3785 3786 3787 3788 3789 3790 3791 3792 3793 3794 3795 3796 3797 3798 3799 3800 
1570
3801 3802 3803 3804 3805 
1571
3806 3807 3808 
1572
3809 398 
1573
3810 3811 
1574
3812 
1575
3813 
1576
3814 3815 
1577
3816 
1578
3817 3818 
1579
3819 
1580
3820 3821 
1581
3822 
1582
3823 3824 
1583
3825 3826 
1584
3827 
1585
3828 3829 3830 3831 3832 
1586
3833 
1587
3834 
1588
3835 
1589
3836 
1590
3837 3838 3839 
1591
3840 3841 
1592
3842 3843 
1593
3844 
1594
3845 
1595
3846 
1596
3847 3848 
1597
3849 
1598
3850 
1599
3851 
1600
3852 
1601
3853 
1602
3854 3855 3856 
1603
2432 3857 3858 3859 
1604
3860 3861 3862 
1605
3863 3864 3865 3866 3867 
1606
3868 3869 3870 
1607
3871 3872 3873 
1608
3874 3875 
1609
3876 
1610
3877 
1611
3878 
1612
3879 3880 3881 3882 3883 3884 
1613
3885 3886 3887 3888 3889 3890 3891 
1614
3892 3893 3894 3895 3896 3897 3898 3899 
1615
3900 
1616
3901 
1617
3902 3903 3904 3905 3906 3907 
1618
3908 3909 3910 
1619
3911 
1620
3912 
1621
3913 3914 3915 
1622
3916 3917 3918 
1623
3919 
1624
3920 
1625
3921 
1626
3922 
1627
3923 
1628
3924 3925 3926 3927 3928 
1629
3929 3930 3931 
1630
3932 3933 3934 
1631
3935 3936 3937 3938 
1632
3939 3940 3941 3942 3943 3944 3945 3946 3947 3948 
1633
3949 3950 
1634
3951 3952 
1635
3953 3954 3955 
1636
3956 3957 3958 
1637
3959 
1638
3960 
1639
3961 
1640
3962 3963 3964 
1641
3965 3966 
1642
3967 3968 3969 3970 3971 3972 
1643
3973 3974 
1644
3975 3976 
1645
3977 3978 3979 3980 3981 
1646
3982 
1647
3951 3952 
1648
3983 
1649
3984 3985 3986 3987 
1650
3988 3989 
1651
3990 3991 3992 3993 3936 3994 3995 
1652
3996 
1653
3997 
1654
3998 3999 4000 
1655
4001 4002 
1656
4003 4004 
1657
4005 4006 4007 
1658
4008 4009 4010 
1659
4011 4012 4013 4014 4015 4016 4017 
1660
4018 4019 4020 
1661
4021 
1662
3928 
1663
4022 4023 
1664
4024 4025 4026 
1665
4027 4028 4029 4030 
1666
4031 4032 4033 4034 
1667
4035 4036 4037 
1668
4038 4039 
1669
4040 4041 
1670
4042 4043 
1671
4044 4045 
1672
4046 
1673
4047 4048 
1674
4049 
1675
4050 
1676
4051 4052 4053 4054 4055 4056 4057 4058 4059 4060 4061 4062 
1677
4063 4064 4065 4066 4067 4068 4069 4070 4071 4072 4073 4074 4075 
1678
4076 
1679
4077 4078 4079 4080 4081 4082 4083 4084 4085 4086 
1680
4087 
1681
4088 4089 4090 
1682
4091 4092 
1683
4093 
1684
4094 4095 
1685
4096 4097 4098 4099 4100 
1686
4101 
1687
4102 4103 4104 
1688
4105 4106 4107 4108 4109 4110 4111 4112 4113 4114 4115 4116 4117 4118 4119 4120 4121 4122 4123 4124 4125 
1689
4126 
1690
4127 
1691
4128 4129 
1692
4130 
1693
4131 4132 
1694
4133 
1695
4134 
1696
4135 
1697
4136 4137 4138 
1698
4139 4140 
1699
4141 
1700
4142 4143 
1701
4144 
1702
4145 4146 
1703
4147 
1704
4148 4149 
1705
4150 4151 
1706
4152 
1707
4153 
1708
4154 
1709
4155 
1710
4156 4157 
1711
4158 
1712
4159 4160 
1713
4161 4162 
1714
4163 4164 4165 4166 4167 4168 4169 
1715
4170 
1716
4171 4172 4173 
1717
4174 4175 4176 4177 4178 4179 
1718
4180 4181 4182 
1719
4183 
1720
4184 
1721
4185 4186 4187 4188 4189 4190 4191 4192 4193 4194 4195 4196 4197 4198 
1722
4199 4200 4201 4202 4203 4204 4205 4206 4207 4208 4209 
1723
4210 4211 4212 
1724
4213 4214 4215 4216 
1725
4217 
1726
4218 
1727
4219 
1728
4220 
1729
4221 
1730
4222 4223 4224 4225 
1731
4226 4227 
1732
4228 
1733
4229 4230 
1734
4231 4232 
1735
4233 4234 4235 
1736
4236 
1737
4237 4238 
1738
4239 4240 4241 
1739
4242 
1740
4243 4244 
1741
4245 4246 
1742
4247 4248 4249 
1743
4250 
1744
4251 
1745
4252 4253 
1746
4254 4255 4256 
1747
4257 
1748
4258 4259 
1749
4260 4261 
1750
4262 4263 
1751
4264 
1752
4265 
1753
4266 4267 4268 
1754
4269 4270 
1755
4271 4272 4273 
1756
4274 4275 4276 
1757
4277 4278 
1758
4279 4280 
1759
4281 
1760
4282 4283 
1761
4284 4285 
1762
4286 4287 
1763
4288 4289 
1764
4290 
1765
4291 4292 
1766
4293 
1767
4219 
1768
4294 4295 
1769
4296 4297 
1770
4298 4299 4300 4301 
1771
4302 4303 4304 
1772
4305 
1773
4306 
1774
4307 
1775
4308 
1776
4309 4310 4311 
1777
4312 4313 
1778
4314 4315 4316 
1779
4317 
1780
4318 
1781
4319 
1782
4320 4321 
1783
4322 
1784
4323 
1785
4324 4325 4326 4327 4328 4329 4330 4331 4332 4333 4334 4335 
1786
4336 4337 4338 4339 
1787
4340 
1788
4341 4342 
1789
4343 
1790
4344 
1791
4345 
1792
4346 
1793
4347 
1794
4348 
1795
4349 4350 
1796
4351 
1797
4352 4353 
1798
4354 4355 4356 4357 
1799
4358 
1800
4359 
1801
4360 
1802
4361 4362 
1803
4363 
1804
4364 
1805
4365 
1806
4366 4367 4368 4369 4370 
1807
4371 
1808
4372 4373 
1809
4374 
1810
4375 
1811
4376 
1812
4377 4378 
1813
4379 4380 4381 4382 
1814
4383 
1815
4384 4385 
1816
4386 4387 
1817
4388 4389 
1818
4390 
1819
4257 
1820
4391 
1821
4392 4393 4394 4395 
1822
4396 
1823
4397 
1824
4398 4399 
1825
4400 
1826
4401 
1827
4402 4403 
1828
4404 4405 
1829
4406 4407 
1830
4408 4409 
1831
4410 
1832
4411 416 
1833
4412 
1834
4413 4414 4415 4416 4417 4418 4419 
1835
4420 4421 4422 
1836
4423 4424 4425 
1837
4426 
1838
4427 4428 4429 4430 
1839
4431 4432 4433 4434 4435 4436 4437 4438 4439 4440 4441 4442 4443 4444 4445 4446 4447 4448 4449 4450 4451 4452 
1840
4453 4454 4455 4456 4457 
1841
4458 
1842
4459 4460 
1843
4461 
1844
4462 4463 
1845
4464 4465 4466 4467 4468 4469 
1846
4470 4471 4472 4473 4474 
1847
4475 
1848
4476 
1849
4477 4478 
1850
4479 4480 4481 4482 
1851
4483 4484 
1852
4485 
1853
4486 4487 
1854
4488 4489 4490 4491 4492 
1855
4493 4494 
1856
4495 4496 4497 4498 4499 4500 4501 4502 4503 4504 4505 4506 4507 4508 4509 4510 4511 4512 4513 4514 4515 4516 4517 4518 4519 4520 4521 4522 4523 4524 4525 4526 
1857
4527 4528 4529 4530 4531 4532 
1858
4533 4534 4535 4536 4537 4538 4539 4540 4541 
1859
4542 4543 4544 4545 4546 
1860
4547 
1861
4548 4549 4550 
1862
4551 
1863
4552 4553 4554 4555 4556 4557 
1864
4558 4559 4560 4561 
1865
4562 4563 4564 4565 
1866
4566 4567 
1867
4568 4569 
1868
4570 
1869
4571 
1870
4572 
1871
4573 
1872
4574 
1873
4575 
1874
4576 
1875
4577 4578 
1876
4579 4580 
1877
4581 
1878
4582 4583 
1879
4584 
1880
4585 
1881
4586 4587 
1882
4588 
1883
4589 4590 
1884
4591 4592 4593 4594 4595 4596 4597 4598 4599 
1885
4600 
1886
4601 4602 4603 4604 4605 
1887
4606 
1888
4607 
1889
4608 
1890
4609 4610 4611 4612 1648 4613 
1891
4614 
1892
4615 4616 
1893
4617 4618 
1894
4619 
1895
4620 4621 4622 4623 
1896
4624 
1897
4625 
1898
4626 4627 
1899
4628 4629 4630 4631 
1900
4632 4633 4634 
1901
4635 
1902
4636 
1903
4637 
1904
4638 4639 4640 
1905
4641 
1906
4642 4643 
1907
4644 4645 4646 
1908
4647 4648 4649 
1909
4650 
1910
4651 4652 4653 4654 
1911
4655 4656 
1912
4657 
1913
4658 4659 4660 
1914
4661 4662 4663 4664 4665 4666 
1915
4667 4668 
1916
4038 4039 4669 4670 4671 4672 
1917
4673 4674 4675 4676 4677 4678 4679 4680 4681 4682 
1918
4683 4684 4685 4686 4687 
1919
4688 
1920
4689 
1921
4690 4691 
1922
4692 4693 4694 
1923
4695 4696 4697 4698 4699 4700 4701 4702 
1924
4703 4704 4705 
1925
4706 
1926
4707 4708 4709 
1927
4710 4711 
1928
4712 4713 
1929
4714 4715 4716 4717 4718 4719 
1930
4720 4721 4722 
1931
4723 4724 4725 4726 4727 
1932
4728 
1933
4729 4730 
1934
4731 4732 4733 4734 
1935
4735 
1936
4736 4737 4738 4739 4740 4741 4742 
1937
4743 
1938
4744 4745 
1939
4746 4747 4748 
1940
4749 4750 4751 
1941
4752 4753 4754 
1942
4755 
1943
4756 
1944
4757 4758 
1945
4759 4760 4761 
1946
4762 4763 
1947
4764 
1948
4765 
1949
4766 
1950
4767 
1951
4768 
1952
4769 
1953
4770 
1954
4771 4772 4773 
1955
4774 4775 
1956
4776 
1957
4777 4778 4779 4780 4781 
1958
4782 4783 4784 4785 
1959
4786 4787 
1960
4788 4789 4790 4791 4789 
1961
4792 4793 4794 4795 4796 
1962
4797 
1963
4798 4799 4800 
1964
4801 4802 4803 
1965
4804 4805 4806 4807 4808 4809 4810 4811 4812 4813 4814 4815 
1966
4816 4817 4818 4819 4820 
1967
4821 4822 4823 
1968
4824 
1969
4825 
1970
4826 4827 4828 4829 
1971
4830 4831 4832 4833 
1972
4834 4835 
1973
4836 
1974
4837 
1975
4838 
1976
4839 
1977
4840 4841 4842 
1978
4843 
1979
4844 4845 4846 4847 
1980
4848 4849 4850 
1981
4851 
1982
4852 
1983
4853 4854 
1984
4855 4856 
1985
4857 
1986
4858 4859 4860 4861 4862 
1987
4863 4864 
1988
4865 
1989
4866 
1990
4867 4868 4869 4870 4871 4872 
1991
4873 
1992
4874 
1993
4875 
1994
4876 
1995
4877 4878 
1996
4879 
1997
4880 4881 4882 4883 
1998
4884 4885 4886 4887 
1999
4888 4889 
2000
4890 4891 4892 4893 4894 4895 
2001
4896 4897 4898 4899 4900 
2002
4901 4902 
2003
4903 4904 4905 4906 4907 4908 4909 4910 4911 
2004
4912 4913 4914 4915 4916 4917 4918 4919 
2005
4920 4921 4922 4923 4924 4925 
2006
4926 4927 
2007
4928 4929 4930 4931 
2008
4932 4933 4934 4935 
2009
4936 4937 4938 4939 4940 4941 4942 4943 4944 4945 4946 4947 4948 
2010
4949 4950 
2011
4951 4952 
2012
4953 
2013
4954 4955 
2014
4956 
2015
4957 4958 4959 
2016

2017
4960 
2018
4961 4962 
2019
4963 
2020
4964 4965 4966 
2021
4967 4968 
2022
4969 4970 4971 4972 
2023
4973 4974 4975 4976 
2024
4977 4978 4979 4980 4981 4982 
2025
4983 4984 4985 
2026
4986 
2027
4987 4988 4989 4990 4991 4992 
2028
4993 4994 
2029
4995 4996 4997 
2030
4998 
2031
4999 5000 
2032
5001 5002 
2033
5003 5004 5005 
2034
5006 
2035
5007 
2036
5008 5009 
2037
5010 5011 
2038
5012 5013 5014 5015 5016 5017 
2039
5018 5019 
2040
5020 5021 5022 5023 5024 
2041
5025 
2042
5026 5027 
2043
5028 
2044
5029 5030 5031 5032 
2045
5033 5034 5035 
2046
5036 
2047
5037 
2048
5038 
2049
5039 5040 
2050
5041 5042 
2051
5043 
2052
5044 
2053
5045 5046 
2054
5047 
2055
5048 5049 5050 5051 5052 
2056
5053 5054 5055 5056 
2057
5057 5058 
2058
5059 
2059
1308 
2060
5060 5061 5062 
2061
5063 
2062
5064 
2063
5065 5066 5067 5068 
2064
5069 5070 5071 
2065
5072 5073 5074 5075 5076 5077 5078 
2066
5079 5080 5081 
2067
5082 
2068
5083 
2069
5084 5085 
2070
5086 5087 5088 5089 
2071
5090 
2072
5091 5092 5093 
2073
5094 5095 
2074
5096 5097 
2075
5098 5099 5100 
2076
5101 
2077
5102 
2078
5103 5104 5105 5106 5107 
2079
5108 5109 5110 5111 
2080
5112 
2081
5113 
2082
5114 5115 
2083
5116 
2084
5117 5118 
2085
5119 5120 
2086
5121 5122 
2087
5123 
2088
5124 5125 5126 5127 
2089
5128 5129 
2090
5130 
2091
5131 5132 
2092
5133 
2093
5134 5135 
2094
5136 
2095
5137 5138 
2096
5139 
2097
5140 5141 5142 
2098
5143 5144 5145 5146 5147 5148 
2099
5149 5150 
2100
5151 
2101
5152 
2102
5153 5154 5155 5156 5157 5158 5159 
2103
5160 5161 
2104
5162 5163 
2105
5164 5165 
2106
5166 5167 5168 
2107
5169 5170 
2108
5171 
2109
5172 5173 5174 5175 5176 5177 5178 5179 5180 
2110
5181 
2111
5182 
2112
5183 5184 5185 
2113
5186 5187 
2114
5188 5189 5190 5191 
2115
5192 5193 
2116
5194 
2117
5195 
2118
5196 
2119
5197 5198 5199 5200 
2120
5201 5202 
2121
5203 
2122
5204 1648 
2123
5205 
2124
5206 5207 
2125
5208 5209 5210 5211 
2126
5212 5213 
2127
5214 
2128
5215 5216 5217 
2129
5218 
2130
5219 
2131
5220 5221 5222 5223 5224 
2132
5225 
2133
5226 5227 5228 
2134
5229 5230 5231 5232 
2135
5233 5234 
2136
5235 5236 
2137
5237 5238 
2138
5239 5240 
2139
5241 
2140
5242 5243 5244 5245 5246 5247 5248 5249 5250 5251 5252 5253 5254 3597 5255 5256 5257 5258 5259 5260 5261 5262 5263 
2141
5264 5265 
2142
5266 5267 5252 5253 5254 3597 
2143
5268 5269 5270 5271 5272 5273 5274 5275 
2144
5276 5277 
2145
5278 
2146
5279 5280 5281 
2147
5282 5283 5284 5285 5286 5287 5288 5289 5290 
2148
5291 5292 5293 5294 5295 5296 
2149
5297 5298 5299 
2150
5300 5301 
2151
5302 5303 5304 
2152
5305 5306 5307 5308 5309 5310 5311 5312 5313 
2153
5314 5315 5316 
2154
5317 
2155
5318 5319 5320 5321 5322 5323 5324 5325 
2156
5326 
2157
5327 5328 5329 
2158
5330 
2159
5331 5332 
2160
5333 5334 
2161
5335 5336 
2162
5337 
2163
5338 5339 5340 5341 5342 5343 
2164
5344 5345 
2165
5346 5347 
2166
5348 5349 5350 5351 5352 
2167
5353 
2168
5354 
2169
5355 
2170
5356 
2171
5357 5358 
2172
5359 5360 
2173
5361 5362 5363 5364 5365 
2174
5366 5367 5368 
2175
5369 
2176
5370 5371 5372 5373 
2177
5374 5375 5376 5377 5378 5379 5380 
2178
5381 5382 5383 5384 
2179
5385 5386 5387 5388 5389 5390 5391 
2180
5392 
2181
5393 5394 5395 5396 5397 5398 5399 5400 5401 5402 5403 5404 5405 
2182
5406 5407 5408 
2183
5409 5410 
2184
5411 5412 5413 
2185
5414 5415 5416 
2186
5417 5418 
2187
5419 
2188
5420 5421 5422 5423 5424 
2189
5425 5426 
2190
5427 
2191
5428 5429 5430 5431 5432 5433 5434 
2192
5435 5436 5437 
2193
5438 5439 5440 5441 5442 
2194
5443 5444 5445 
2195
5446 5447 5448 5449 5450 5451 5452 5453 5454 5455 5456 5457 5458 5459 5460 5461 
2196
5462 5463 5464 5465 5466 5467 5468 5469 5470 5471 
2197
5472 5473 5474 
2198
5475 5476 5477 
2199
5478 5479 
2200
5480 5481 5482 5483 
2201
5484 5485 5486 
2202
5487 5488 5489 5490 5491 5492 5493 5494 5495 5496 5497 
2203
5498 5499 5500 5501 5502 5503 5504 
2204
5505 
2205
5506 5507 5508 
2206
5509 
2207
5510 5511 5512 5513 5514 5515 5516 5517 5518 5519 5520 5521 5522 5523 5524 5525 5526 5527 5528 1393 5529 5530 5531 5532 
2208
5533 5534 
2209
5535 5536 
2210
5537 
2211
5538 5539 5540 
2212
5541 
2213
5542 5543 5544 
2214
5545 
2215
5546 
2216
5547 5548 5549 5550 5551 
2217
5552 5553 5554 5555 5556 5557 5558 5559 5560 5561 5562 5563 
2218
5564 5565 
2219
5566 5567 
2220
5568 
2221
5569 5570 5571 5572 5573 5574 5575 5576 5577 5578 
2222
5579 5580 5581 5582 5583 5584 
2223
5585 5586 5587 
2224
5588 5589 
2225
5590 
2226
5591 5592 5593 5594 5595 5596 
2227
5597 5598 5599 5600 5601 5602 5603 5604 5605 5606 5607 
2228
5608 5609 5610 5611 5612 
2229
5613 5614 5615 5616 
2230
5617 5618 5619 5620 5621 
2231
5622 
2232
5623 5624 
2233
5625 5626 5627 5628 5629 5630 5631 5632 5633 5634 5635 5636 5637 5638 5639 5640 5641 5642 5643 5644 5645 5646 5647 5648 5649 5650 5651 
2234
5652 
2235
5653 
2236
5654 5655 5656 5657 5658 
2237
5659 5660 5661 5662 
2238
5663 5664 5665 5666 5667 5668 5669 5670 
2239
5671 5672 5673 
2240
5674 5675 5676 5677 5678 5679 
2241
5680 5681 
2242
5682 5683 5684 
2243
5685 5686 5687 
2244
5688 
2245
5689 
2246
5690 
2247
5691 
2248
5692 5693 5694 5695 5696 5697 5698 5699 
2249
5700 
2250
5701 
2251
5702 5703 5704 5705 5706 5707 5708 5709 5710 5711 5712 5713 5714 5715 5716 5717 5718 5719 
2252
5720 
2253
5588 5721 
2254
5722 5723 5724 
2255
5725 
2256
5726 5727 
2257
5728 
2258
5729 
2259
5730 
2260
5731 
2261
5732 5733 
2262
5734 5735 5736 
2263
5737 
2264
5738 
2265
5739 5740 5741 5742 5743 5744 
2266
5745 5746 5747 5748 
2267
5749 
2268
5750 5751 
2269
5752 5753 5754 5755 
2270
5756 5757 
2271
5758 5759 
2272
5760 5761 
2273
5762 
2274
5763 
2275
5764 5765 5766 5767 
2276
5768 5769 
2277
5770 5771 5772 5773 
2278
5774 5775 5776 5777 5778 
2279
5779 
2280
5780 
2281
5781 5782 5783 
2282
5784 5785 
2283
5786 5787 
2284
5788 
2285
5789 
2286
5790 
2287
5791 
2288
5792 
2289
5793 
