0 1 0 0
1 317 1 0
2 3 2 0
4 5 3 0
5 515 4 0
6 7 5 0
8 9 6 0
10 11 7 0
11 12 8 0
11 15 9 0
11 17 10 0
11 25 11 0
11 28 12 0
11 86 13 0
11 264 14 0
11 287 15 0
11 291 16 0
11 310 17 0
11 311 18 0
11 312 19 0
11 313 20 0
13 14 21 0
15 16 22 0
16 22 23 0
16 288 24 0
17 138 25 0
17 1334 26 0
18 19 27 0
19 1177 28 0
19 1305 29 0
19 1334 30 0
20 21 31 0
21 77 32 0
21 138 33 0
21 936 34 0
21 1114 35 0
23 24 36 0
25 26 37 0
25 27 38 0
26 28 39 0
26 38 40 0
26 79 41 0
26 265 42 0
26 292 43 0
26 412 44 0
27 515 45 0
29 30 46 0
30 1093 47 0
30 1279 48 0
31 32 49 0
33 34 50 0
33 1114 51 0
35 36 52 0
35 37 53 0
37 79 54 0
39 40 55 0
39 41 56 0
39 42 57 0
42 107 58 0
42 190 59 0
42 233 60 0
42 278 61 0
42 768 62 0
42 1025 63 0
43 44 64 0
45 46 65 0
46 190 66 0
47 48 67 0
47 49 68 0
50 51 69 0
50 228 70 0
50 946 71 0
50 1163 72 0
50 1164 73 0
50 1165 74 0
50 1166 75 0
52 53 76 0
52 54 77 0
52 55 78 0
52 56 79 0
52 57 80 0
52 58 81 0
54 288 82 0
56 107 83 0
56 138 84 0
56 207 85 0
56 407 86 0
56 412 87 0
57 1334 88 0
59 60 89 0
61 62 90 0
61 63 91 0
61 64 92 0
61 65 93 0
61 66 94 0
61 67 95 0
61 68 96 0
61 69 97 0
61 70 98 0
61 71 99 0
61 72 100 0
64 107 101 0
64 1114 102 0
65 82 103 0
66 611 104 0
66 1092 105 0
67 317 106 0
69 416 107 0
73 74 108 0
74 185 109 0
74 296 110 0
74 412 111 0
75 76 112 0
77 78 113 0
79 80 114 0
79 81 115 0
82 83 116 0
82 84 117 0
85 86 118 0
85 87 119 0
85 88 120 0
85 89 121 0
85 90 122 0
85 91 123 0
85 92 124 0
85 93 125 0
85 94 126 0
85 95 127 0
85 96 128 0
85 97 129 0
85 98 130 0
86 185 131 0
86 273 132 0
86 317 133 0
86 393 134 0
86 416 135 0
86 420 136 0
86 611 137 0
86 1030 138 0
86 1383 139 0
86 1646 140 1
86 2040 141 2
88 190 142 0
88 1013 143 0
88 1177 144 0
91 412 145 0
92 278 146 0
98 138 147 0
98 317 148 0
98 537 149 0
98 1013 150 0
99 100 151 0
99 101 152 0
99 102 153 0
99 103 154 0
99 104 155 0
101 233 156 0
101 416 157 0
101 1114 158 0
103 416 159 0
104 272 160 0
105 106 161 0
107 108 162 0
107 109 163 0
107 110 164 0
107 111 165 0
107 112 166 0
107 113 167 0
107 114 168 0
107 115 169 0
107 116 170 0
107 117 171 0
107 118 172 0
107 119 173 0
111 296 174 0
111 317 175 0
112 572 176 0
115 190 177 0
117 393 178 0
117 936 179 0
120 121 180 0
120 122 181 0
120 123 182 0
120 124 183 0
124 317 184 0
125 126 185 0
125 127 186 0
125 128 187 0
125 129 188 0
125 130 189 0
125 131 190 0
126 407 191 0
126 572 192 0
127 138 193 0
132 133 194 0
132 286 195 0
133 190 196 0
134 135 197 0
135 278 198 0
135 611 199 0
135 948 200 0
135 1093 201 0
135 1157 202 0
135 1191 203 0
135 1354 204 0
136 137 205 0
137 190 206 0
137 420 207 0
137 611 208 0
138 139 209 0
138 140 210 0
138 141 211 0
138 142 212 0
138 143 213 0
138 144 214 0
138 145 215 0
138 146 216 0
138 147 217 0
138 148 218 0
138 149 219 0
138 150 220 0
138 151 221 0
138 152 222 0
138 153 223 0
138 154 224 0
138 155 225 0
138 156 226 0
138 157 227 0
138 158 228 0
138 159 229 0
138 160 230 0
138 161 231 0
138 162 232 0
138 163 233 0
138 164 234 0
138 165 235 0
138 166 236 0
138 167 237 0
138 168 238 0
138 169 239 0
138 170 240 0
138 171 241 0
138 172 242 0
138 173 243 0
138 174 244 0
138 175 245 0
138 176 246 0
138 177 247 0
138 178 248 0
138 179 249 0
138 180 250 0
138 181 251 0
138 182 252 0
140 317 253 0
140 1284 254 0
144 412 255 0
144 416 256 0
148 233 257 0
154 190 258 0
157 416 259 0
158 233 260 0
160 190 261 0
160 190 262 0
160 218 263 0
160 317 264 0
160 407 265 0
160 416 266 0
160 488 267 0
160 537 268 0
160 600 269 0
160 601 270 0
160 602 271 0
160 919 272 0
165 190 273 0
165 314 274 0
165 317 275 0
168 611 276 0
170 190 277 0
174 948 278 0
176 1177 279 0
178 190 280 0
179 190 281 0
181 278 282 0
181 1393 283 0
183 184 284 0
184 407 285 0
184 611 286 0
186 187 287 0
186 188 288 0
186 189 289 0
190 191 290 0
190 192 291 0
190 193 292 0
190 194 293 0
190 195 294 0
190 196 295 0
190 197 296 0
190 198 297 0
190 199 298 0
190 200 299 0
190 201 300 0
190 202 301 0
190 203 302 0
190 204 303 0
190 205 304 0
190 206 305 0
190 207 306 0
190 207 307 0
190 208 308 0
190 209 309 0
190 210 310 0
190 211 311 0
190 212 312 0
190 213 313 0
190 214 314 0
190 215 315 0
190 216 316 0
190 217 317 0
190 218 318 0
190 219 319 0
190 220 320 0
190 221 321 0
190 222 322 0
190 223 323 0
190 224 324 0
190 225 325 0
190 226 326 0
190 227 327 0
190 228 328 0
190 229 329 0
190 230 330 0
190 231 331 0
190 232 332 0
190 407 333 0
190 420 334 0
190 606 335 0
199 1732 336 1
203 317 337 0
204 1107 338 0
207 267 339 0
207 291 340 0
207 312 341 0
207 488 342 0
207 556 343 0
207 557 344 0
207 558 345 0
207 559 346 0
207 560 347 0
207 561 348 0
207 562 349 0
207 563 350 0
207 564 351 0
207 565 352 0
207 566 353 0
207 567 354 0
207 568 355 0
207 569 356 0
218 296 357 0
219 317 358 0
219 416 359 0
227 572 360 0
228 420 361 0
228 570 362 0
228 736 363 0
228 1353 364 0
233 234 365 0
233 235 366 0
233 236 367 0
233 237 368 0
233 238 369 0
233 239 370 0
233 240 371 0
233 241 372 0
233 242 373 0
233 243 374 0
233 244 375 0
233 245 376 0
233 246 377 0
233 247 378 0
233 248 379 0
233 249 380 0
233 250 381 0
233 251 382 0
233 252 383 0
233 253 384 0
233 254 385 0
233 255 386 0
233 256 387 0
233 257 388 0
233 258 389 0
233 259 390 0
234 278 391 0
234 407 392 0
250 407 393 0
260 261 394 0
262 263 395 0
262 264 396 0
265 266 397 0
265 267 398 0
265 268 399 0
269 270 400 0
269 271 401 0
274 275 402 0
276 277 403 0
278 279 404 0
278 280 405 0
278 281 406 0
278 282 407 0
278 283 408 0
278 313 409 0
278 540 410 0
278 758 411 0
278 1028 412 0
278 1155 413 0
278 1158 414 0
278 1271 415 0
278 1272 416 0
278 1273 417 0
278 1274 418 0
278 1275 419 0
278 1276 420 0
278 1277 421 0
278 1278 422 0
281 393 423 0
282 407 424 0
282 948 425 0
284 285 426 0
288 289 427 0
288 290 428 0
288 291 429 0
291 537 430 0
292 293 431 0
292 294 432 0
292 295 433 0
296 297 434 0
296 298 435 0
296 299 436 0
296 300 437 0
296 301 438 0
296 302 439 0
296 303 440 0
296 304 441 0
296 305 442 0
296 306 443 0
296 307 444 0
296 308 445 0
296 309 446 0
308 611 447 0
312 420 448 0
313 570 449 0
313 1191 450 0
314 315 451 0
314 316 452 0
317 318 453 0
317 319 454 0
317 320 455 0
317 321 456 0
317 322 457 0
317 323 458 0
317 324 459 0
317 325 460 0
317 326 461 0
317 327 462 0
317 328 463 0
317 329 464 0
317 330 465 0
317 331 466 0
317 332 467 0
317 333 468 0
317 334 469 0
317 335 470 0
317 336 471 0
317 337 472 0
317 338 473 0
317 339 474 0
317 340 475 0
317 341 476 0
317 342 477 0
317 343 478 0
317 344 479 0
317 345 480 0
317 346 481 0
317 347 482 0
317 348 483 0
317 349 484 0
317 350 485 0
317 351 486 0
317 352 487 0
317 353 488 0
317 354 489 0
317 355 490 0
317 356 491 0
317 357 492 0
317 358 493 0
317 359 494 0
317 360 495 0
317 361 496 0
317 362 497 0
317 363 498 0
317 364 499 0
317 365 500 0
317 366 501 0
317 367 502 0
317 368 503 0
317 369 504 0
317 370 505 0
317 371 506 0
317 372 507 0
317 373 508 0
317 374 509 0
317 375 510 0
317 376 511 0
317 377 512 0
317 378 513 0
317 379 514 0
317 380 515 0
317 381 516 0
317 382 517 0
317 383 518 0
317 384 519 0
317 385 520 0
317 386 521 0
317 387 522 0
317 388 523 0
317 389 524 0
317 390 525 0
317 391 526 0
317 392 527 0
317 393 528 0
317 394 529 0
317 395 530 0
317 396 531 0
317 397 532 0
317 398 533 0
317 399 534 0
317 400 535 0
317 401 536 0
317 402 537 0
317 403 538 0
317 404 539 0
317 405 540 0
317 406 541 0
317 407 542 0
317 408 543 0
317 409 544 0
317 410 545 0
317 411 546 0
322 393 547 0
344 416 548 0
356 416 549 0
359 1305 550 0
364 416 551 0
364 736 552 0
364 1408 553 0
368 416 554 0
372 572 555 0
374 393 556 0
374 416 557 0
374 611 558 0
374 948 559 0
393 416 560 0
393 511 561 0
393 717 562 0
393 752 563 0
393 788 564 0
393 789 565 0
393 790 566 0
393 791 567 0
393 792 568 0
393 793 569 0
393 794 570 0
393 795 571 0
393 796 572 0
393 797 573 0
393 798 574 0
393 799 575 0
393 800 576 0
393 801 577 0
393 802 578 0
393 803 579 0
393 804 580 0
393 805 581 0
393 806 582 0
393 807 583 0
393 808 584 0
393 809 585 0
393 810 586 0
393 811 587 0
393 812 588 0
393 813 589 0
393 814 590 0
393 815 591 0
393 816 592 0
393 817 593 0
393 818 594 0
393 819 595 0
393 820 596 0
393 821 597 0
393 822 598 0
393 823 599 0
393 824 600 0
393 825 601 0
393 826 602 0
393 827 603 0
393 828 604 0
393 829 605 0
393 830 606 0
393 831 607 0
393 832 608 0
393 833 609 0
393 834 610 0
393 835 611 0
393 836 612 0
393 837 613 0
393 838 614 0
393 839 615 0
393 840 616 0
393 841 617 0
393 842 618 0
393 843 619 0
393 844 620 0
393 845 621 0
393 846 622 0
393 847 623 0
393 848 624 0
393 849 625 0
393 850 626 0
393 851 627 0
393 852 628 0
393 853 629 0
393 854 630 0
398 1071 631 0
401 611 632 0
401 1093 633 0
403 948 634 0
403 1177 635 0
404 1177 636 0
404 1302 637 0
407 492 638 0
407 572 639 0
407 686 640 0
407 725 641 0
407 727 642 0
407 728 643 0
407 729 644 0
407 730 645 0
407 731 646 0
407 732 647 0
407 733 648 0
407 734 649 0
407 735 650 0
407 736 651 0
407 737 652 0
407 738 653 0
407 739 654 0
407 740 655 0
407 741 656 0
407 742 657 0
407 743 658 0
407 744 659 0
407 745 660 0
407 746 661 0
407 747 662 0
407 748 663 0
407 749 664 0
407 750 665 0
407 751 666 0
407 752 667 0
407 753 668 0
407 754 669 0
407 755 670 0
407 756 671 0
407 757 672 0
407 758 673 0
407 759 674 0
407 760 675 0
407 761 676 0
407 762 677 0
407 763 678 0
407 764 679 0
407 765 680 0
412 413 681 0
412 414 682 0
412 415 683 0
412 855 684 0
416 417 685 0
416 418 686 0
416 419 687 0
416 420 688 0
416 421 689 0
416 422 690 0
416 423 691 0
416 424 692 0
416 425 693 0
416 426 694 0
416 427 695 0
416 428 696 0
416 429 697 0
416 430 698 0
416 431 699 0
416 432 700 0
416 433 701 0
416 434 702 0
416 435 703 0
416 436 704 0
416 437 705 0
416 438 706 0
416 439 707 0
416 440 708 0
416 441 709 0
416 442 710 0
416 443 711 0
416 444 712 0
416 445 713 0
416 446 714 0
416 447 715 0
416 448 716 0
416 449 717 0
416 450 718 0
416 451 719 0
416 452 720 0
416 453 721 0
416 454 722 0
416 455 723 0
416 456 724 0
416 457 725 0
416 458 726 0
416 459 727 0
416 460 728 0
416 461 729 0
416 462 730 0
416 463 731 0
416 464 732 0
416 465 733 0
416 466 734 0
416 467 735 0
416 468 736 0
416 469 737 0
416 470 738 0
416 471 739 0
416 472 740 0
416 473 741 0
416 474 742 0
416 475 743 0
416 476 744 0
416 477 745 0
416 478 746 0
416 479 747 0
416 480 748 0
416 481 749 0
416 482 750 0
416 483 751 0
416 484 752 0
416 485 753 0
416 486 754 0
416 487 755 0
416 488 756 0
416 489 757 0
416 490 758 0
416 491 759 0
416 492 760 0
416 493 761 0
416 494 762 0
416 495 763 0
416 496 764 0
416 497 765 0
416 498 766 0
416 499 767 0
416 500 768 0
416 501 769 0
416 502 770 0
416 503 771 0
416 504 772 0
416 505 773 0
416 506 774 0
416 507 775 0
416 508 776 0
416 509 777 0
416 510 778 0
416 511 779 0
416 512 780 0
416 513 781 0
416 514 782 0
420 457 783 0
420 489 784 0
420 521 785 0
420 522 786 0
420 523 787 0
420 524 788 0
420 525 789 0
420 526 790 0
420 527 791 0
420 528 792 0
420 529 793 0
420 530 794 0
420 531 795 0
420 532 796 0
423 1279 797 0
425 1071 798 0
459 855 799 0
483 1305 800 0
484 611 801 0
490 1059 802 0
493 611 803 0
493 1013 804 0
500 736 805 0
505 611 806 0
509 1302 807 0
511 1092 808 0
511 1150 809 0
512 1409 810 0
515 516 811 0
515 517 812 0
515 518 813 0
515 519 814 0
515 520 815 0
533 534 816 0
533 535 817 0
533 536 818 0
537 538 819 0
537 539 820 0
537 540 821 0
537 541 822 0
537 542 823 0
540 1302 824 0
540 1305 825 0
540 1334 826 0
540 1353 827 0
540 1393 828 0
541 736 829 0
543 544 830 0
543 545 831 0
543 1177 832 0
546 547 833 0
546 548 834 0
546 549 835 0
546 550 836 0
550 1013 837 0
551 552 838 0
553 554 839 0
553 555 840 0
555 919 841 0
572 573 842 0
572 574 843 0
572 575 844 0
572 576 845 0
572 577 846 0
572 578 847 0
572 579 848 0
572 580 849 0
572 581 850 0
572 582 851 0
572 583 852 0
572 584 853 0
572 585 854 0
572 586 855 0
572 587 856 0
572 588 857 0
572 589 858 0
572 590 859 0
572 591 860 0
572 592 861 0
572 593 862 0
572 594 863 0
572 595 864 0
572 596 865 0
572 597 866 0
592 611 867 0
598 599 868 0
601 606 869 0
603 604 870 0
603 605 871 0
606 607 872 0
606 608 873 0
609 610 874 0
611 612 875 0
611 613 876 0
611 614 877 0
611 615 878 0
611 616 879 0
611 617 880 0
611 618 881 0
611 619 882 0
611 620 883 0
611 621 884 0
611 622 885 0
611 623 886 0
611 624 887 0
611 625 888 0
611 626 889 0
611 627 890 0
611 628 891 0
611 629 892 0
611 630 893 0
611 631 894 0
611 632 895 0
611 633 896 0
611 634 897 0
611 635 898 0
611 636 899 0
611 637 900 0
611 638 901 0
611 639 902 0
611 640 903 0
611 641 904 0
611 642 905 0
611 643 906 0
611 644 907 0
611 645 908 0
611 646 909 0
611 647 910 0
611 648 911 0
611 649 912 0
611 650 913 0
611 651 914 0
611 652 915 0
611 653 916 0
611 654 917 0
611 655 918 0
611 656 919 0
611 657 920 0
611 658 921 0
611 659 922 0
611 660 923 0
611 661 924 0
611 662 925 0
611 663 926 0
611 664 927 0
611 665 928 0
611 666 929 0
611 667 930 0
611 668 931 0
611 669 932 0
611 670 933 0
611 671 934 0
611 672 935 0
611 673 936 0
611 674 937 0
611 675 938 0
611 676 939 0
611 677 940 0
611 678 941 0
611 679 942 0
611 680 943 0
611 681 944 0
611 682 945 0
611 683 946 0
611 684 947 0
611 685 948 0
611 686 949 0
611 687 950 0
611 688 951 0
611 689 952 0
611 690 953 0
611 691 954 0
611 692 955 0
611 693 956 0
611 694 957 0
611 695 958 0
611 696 959 0
611 697 960 0
611 698 961 0
611 699 962 0
611 700 963 0
611 701 964 0
611 702 965 0
611 703 966 0
611 704 967 0
611 705 968 0
611 706 969 0
611 707 970 0
611 708 971 0
611 709 972 0
611 710 973 0
611 711 974 0
611 712 975 0
611 713 976 0
611 714 977 0
611 715 978 0
611 716 979 0
611 717 980 0
611 718 981 0
611 719 982 0
611 720 983 0
611 721 984 0
611 722 985 0
611 723 986 0
611 724 987 0
611 725 988 0
614 1305 989 0
618 855 990 0
645 855 991 0
673 948 992 0
686 1059 993 0
696 855 994 0
696 1495 995 1
720 1177 996 0
723 1071 997 0
725 1177 998 0
730 948 999 0
736 751 1000 0
736 1108 1001 0
736 1266 1002 0
736 1267 1003 0
736 1268 1004 0
736 1269 1005 0
736 1270 1006 0
739 1177 1007 0
741 1055 1008 0
751 1279 1009 0
756 1334 1010 0
758 1334 1011 0
766 767 1012 0
767 1102 1013 0
767 1177 1014 0
768 769 1015 0
768 770 1016 0
768 771 1017 0
768 772 1018 0
772 1966 1019 2
773 774 1020 0
773 775 1021 0
773 776 1022 0
773 777 1023 0
773 778 1024 0
777 1732 1025 1
779 780 1026 0
779 781 1027 0
779 782 1028 0
779 783 1029 0
784 785 1030 0
784 786 1031 0
784 787 1032 0
799 1159 1033 0
799 1160 1034 0
799 1161 1035 0
799 1162 1036 0
809 1071 1037 0
817 1093 1038 0
817 1177 1039 0
817 1334 1040 0
823 1445 1041 1
823 1789 1042 1
836 1114 1043 0
855 856 1044 0
855 857 1045 0
855 858 1046 0
855 859 1047 0
855 860 1048 0
855 861 1049 0
855 862 1050 0
855 863 1051 0
855 864 1052 0
855 865 1053 0
855 866 1054 0
855 867 1055 0
855 868 1056 0
855 869 1057 0
855 870 1058 0
855 871 1059 0
855 872 1060 0
855 873 1061 0
855 874 1062 0
855 875 1063 0
855 876 1064 0
855 877 1065 0
855 878 1066 0
855 879 1067 0
855 880 1068 0
855 881 1069 0
855 882 1070 0
855 883 1071 0
855 884 1072 0
855 885 1073 0
855 886 1074 0
855 887 1075 0
855 888 1076 0
855 889 1077 0
855 890 1078 0
855 891 1079 0
855 892 1080 0
855 893 1081 0
855 894 1082 0
855 895 1083 0
855 896 1084 0
855 897 1085 0
855 898 1086 0
855 899 1087 0
855 900 1088 0
855 901 1089 0
855 902 1090 0
855 903 1091 0
855 904 1092 0
855 905 1093 0
855 906 1094 0
855 907 1095 0
855 908 1096 0
855 909 1097 0
855 910 1098 0
855 911 1099 0
855 912 1100 0
855 913 1101 0
855 914 1102 0
855 915 1103 0
855 916 1104 0
855 917 1105 0
855 918 1106 0
879 919 1107 0
884 1348 1108 0
904 1531 1109 1
919 920 1110 0
919 921 1111 0
919 922 1112 0
919 923 1113 0
919 924 1114 0
919 925 1115 0
919 926 1116 0
919 927 1117 0
919 928 1118 0
919 929 1119 0
919 930 1120 0
919 931 1121 0
919 932 1122 0
919 933 1123 0
934 935 1124 0
936 937 1125 0
936 938 1126 0
936 939 1127 0
936 940 1128 0
936 941 1129 0
936 942 1130 0
936 943 1131 0
936 944 1132 0
936 945 1133 0
936 946 1134 0
936 947 1135 0
948 949 1136 0
948 950 1137 0
948 951 1138 0
948 952 1139 0
948 953 1140 0
948 954 1141 0
948 955 1142 0
948 956 1143 0
948 957 1144 0
948 958 1145 0
948 959 1146 0
948 960 1147 0
948 961 1148 0
948 962 1149 0
948 963 1150 0
948 964 1151 0
948 965 1152 0
948 966 1153 0
948 967 1154 0
948 968 1155 0
948 969 1156 0
948 970 1157 0
948 971 1158 0
948 972 1159 0
948 973 1160 0
948 974 1161 0
948 975 1162 0
948 976 1163 0
948 977 1164 0
948 978 1165 0
948 979 1166 0
948 980 1167 0
948 981 1168 0
948 982 1169 0
948 983 1170 0
948 984 1171 0
948 985 1172 0
948 986 1173 0
948 987 1174 0
948 988 1175 0
948 989 1176 0
948 990 1177 0
948 991 1178 0
948 992 1179 0
948 993 1180 0
948 994 1181 0
948 995 1182 0
948 996 1183 0
948 997 1184 0
948 998 1185 0
948 999 1186 0
948 1000 1187 0
948 1001 1188 0
948 1002 1189 0
948 1003 1190 0
948 1004 1191 0
948 1005 1192 0
948 1006 1193 0
948 1007 1194 0
948 1008 1195 0
948 1009 1196 0
948 1010 1197 0
965 1107 1198 0
984 1377 1199 0
988 1037 1200 0
1006 1326 1201 0
1011 1012 1202 0
1013 1014 1203 0
1013 1015 1204 0
1013 1016 1205 0
1013 1017 1206 0
1013 1018 1207 0
1013 1019 1208 0
1013 1020 1209 0
1013 1021 1210 0
1013 1022 1211 0
1013 1023 1212 0
1013 1024 1213 0
1022 1055 1214 0
1023 1279 1215 0
1023 1439 1216 0
1025 1026 1217 0
1025 1027 1218 0
1025 1028 1219 0
1025 1029 1220 0
1030 1031 1221 0
1030 1032 1222 0
1033 1034 1223 0
1033 1035 1224 0
1033 1036 1225 0
1037 1038 1226 0
1037 1039 1227 0
1037 1040 1228 0
1037 1041 1229 0
1042 1043 1230 0
1042 1044 1231 0
1042 1045 1232 0
1046 1047 1233 0
1046 1048 1234 0
1046 1049 1235 0
1046 1050 1236 0
1046 1051 1237 0
1046 1052 1238 0
1049 1157 1239 0
1052 1059 1240 0
1052 1092 1241 0
1052 1102 1242 0
1053 1054 1243 0
1055 1056 1244 0
1055 1057 1245 0
1055 1058 1246 0
1059 1060 1247 0
1059 1061 1248 0
1062 1063 1249 0
1062 1064 1250 0
1062 1065 1251 0
1066 1067 1252 0
1068 1069 1253 0
1068 1070 1254 0
1071 1072 1255 0
1071 1073 1256 0
1071 1074 1257 0
1071 1075 1258 0
1071 1076 1259 0
1071 1077 1260 0
1071 1078 1261 0
1071 1079 1262 0
1071 1080 1263 0
1071 1081 1264 0
1071 1082 1265 0
1071 1083 1266 0
1071 1084 1267 0
1071 1085 1268 0
1071 1086 1269 0
1071 1087 1270 0
1071 1088 1271 0
1071 1089 1272 0
1071 1090 1273 0
1071 1091 1274 0
1076 1531 1275 1
1085 1177 1276 0
1086 1177 1277 0
1087 1355 1278 0
1092 1093 1279 0
1092 1094 1280 0
1092 1095 1281 0
1092 1096 1282 0
1092 1097 1283 0
1092 1098 1284 0
1092 1099 1285 0
1092 1100 1286 0
1092 1101 1287 0
1093 1167 1288 0
1093 1168 1289 0
1093 1169 1290 0
1093 1170 1291 0
1093 1171 1292 0
1093 1172 1293 0
1093 1173 1294 0
1093 1174 1295 0
1093 1175 1296 0
1093 1176 1297 0
1094 1177 1298 0
1098 1334 1299 0
1099 1177 1300 0
1102 1103 1301 0
1102 1104 1302 0
1102 1105 1303 0
1102 1106 1304 0
1107 1108 1305 0
1107 1109 1306 0
1107 1110 1307 0
1107 1111 1308 0
1112 1113 1309 0
1114 1115 1310 0
1114 1116 1311 0
1114 1117 1312 0
1114 1118 1313 0
1114 1119 1314 0
1114 1120 1315 0
1114 1121 1316 0
1114 1122 1317 0
1114 1123 1318 0
1114 1124 1319 0
1114 1125 1320 0
1114 1126 1321 0
1114 1127 1322 0
1114 1128 1323 0
1114 1129 1324 0
1114 1130 1325 0
1114 1131 1326 0
1114 1132 1327 0
1114 1133 1328 0
1114 1134 1329 0
1114 1135 1330 0
1114 1136 1331 0
1114 1137 1332 0
1114 1138 1333 0
1114 1139 1334 0
1114 1140 1335 0
1114 1141 1336 0
1114 1142 1337 0
1114 1143 1338 0
1114 1144 1339 0
1114 1145 1340 0
1114 1146 1341 0
1114 1147 1342 0
1120 1264 1343 0
1131 1646 1344 1
1148 1149 1345 0
1150 1151 1346 0
1150 1152 1347 0
1150 1153 1348 0
1150 1154 1349 0
1150 1155 1350 0
1150 1156 1351 0
1155 1377 1352 0
1155 1433 1353 0
1157 1158 1354 0
1161 1191 1355 0
1161 1305 1356 0
1167 1279 1357 0
1167 1283 1358 0
1167 1353 1359 0
1177 1178 1360 0
1177 1179 1361 0
1177 1180 1362 0
1177 1181 1363 0
1177 1182 1364 0
1177 1183 1365 0
1177 1184 1366 0
1177 1185 1367 0
1177 1186 1368 0
1177 1187 1369 0
1177 1188 1370 0
1177 1189 1371 0
1177 1190 1372 0
1177 1191 1373 0
1177 1192 1374 0
1177 1193 1375 0
1177 1194 1376 0
1177 1195 1377 0
1177 1196 1378 0
1177 1197 1379 0
1177 1198 1380 0
1177 1199 1381 0
1177 1200 1382 0
1177 1201 1383 0
1177 1202 1384 0
1177 1203 1385 0
1177 1204 1386 0
1177 1205 1387 0
1177 1206 1388 0
1177 1207 1389 0
1177 1208 1390 0
1177 1209 1391 0
1177 1210 1392 0
1177 1211 1393 0
1177 1212 1394 0
1177 1213 1395 0
1177 1214 1396 0
1177 1215 1397 0
1177 1216 1398 0
1177 1217 1399 0
1177 1218 1400 0
1177 1219 1401 0
1177 1220 1402 0
1177 1221 1403 0
1177 1222 1404 0
1177 1223 1405 0
1177 1224 1406 0
1177 1225 1407 0
1177 1226 1408 0
1177 1227 1409 0
1177 1228 1410 0
1177 1229 1411 0
1177 1230 1412 0
1177 1231 1413 0
1177 1232 1414 0
1177 1233 1415 0
1177 1234 1416 0
1177 1235 1417 0
1177 1236 1418 0
1177 1237 1419 0
1177 1238 1420 0
1177 1239 1421 0
1177 1240 1422 0
1177 1241 1423 0
1177 1242 1424 0
1177 1243 1425 0
1177 1244 1426 0
1177 1245 1427 0
1177 1246 1428 0
1177 1247 1429 0
1177 1248 1430 0
1177 1249 1431 0
1177 1250 1432 0
1177 1251 1433 0
1177 1252 1434 0
1177 1253 1435 0
1177 1254 1436 0
1177 1255 1437 0
1177 1256 1438 0
1177 1257 1439 0
1177 1258 1440 0
1177 1259 1441 0
1177 1260 1442 0
1177 1261 1443 0
1177 1262 1444 0
1177 1263 1445 0
1191 1297 1446 0
1191 1298 1447 0
1191 1299 1448 0
1191 1300 1449 0
1191 1301 1450 0
1194 1305 1451 0
1194 1334 1452 0
1221 1305 1453 0
1225 1305 1454 0
1234 1884 1455 2
1235 1383 1456 0
1254 1305 1457 0
1255 1433 1458 0
1264 1265 1459 0
1267 1346 1460 0
1267 1353 1461 0
1272 1409 1462 0
1279 1280 1463 0
1279 1281 1464 0
1279 1282 1465 0
1284 1285 1466 0
1284 1286 1467 0
1284 1287 1468 0
1284 1288 1469 0
1284 1289 1470 0
1284 1290 1471 0
1284 1291 1472 0
1284 1292 1473 0
1284 1293 1474 0
1284 1294 1475 0
1284 1295 1476 0
1284 1296 1477 0
1291 1334 1478 0
1291 1418 1479 0
1302 1303 1480 0
1302 1304 1481 0
1305 1306 1482 0
1305 1307 1483 0
1305 1308 1484 0
1305 1309 1485 0
1305 1310 1486 0
1305 1311 1487 0
1305 1312 1488 0
1305 1313 1489 0
1305 1314 1490 0
1305 1315 1491 0
1305 1316 1492 0
1305 1317 1493 0
1305 1318 1494 0
1305 1319 1495 0
1305 1320 1496 0
1305 1321 1497 0
1305 1322 1498 0
1305 1323 1499 0
1305 1324 1500 0
1305 1325 1501 0
1305 1326 1502 0
1305 1327 1503 0
1305 1328 1504 0
1305 1329 1505 0
1305 1330 1506 0
1305 1331 1507 0
1305 1332 1508 0
1305 1333 1509 0
1327 2110 1510 2
1334 1335 1511 0
1334 1336 1512 0
1334 1337 1513 0
1334 1338 1514 0
1334 1339 1515 0
1334 1340 1516 0
1334 1341 1517 0
1342 1343 1518 0
1342 1344 1519 0
1342 1345 1520 0
1346 1347 1521 0
1348 1349 1522 0
1348 1350 1523 0
1348 1351 1524 0
1348 1352 1525 0
1354 1355 1526 0
1354 1356 1527 0
1354 1357 1528 0
1354 1358 1529 0
1354 1359 1530 0
1354 1360 1531 0
1354 1361 1532 0
1354 1362 1533 0
1354 1363 1534 0
1354 1364 1535 0
1354 1365 1536 0
1354 1366 1537 0
1354 1367 1538 0
1354 1368 1539 0
1354 1369 1540 0
1354 1370 1541 0
1354 1371 1542 0
1354 1372 1543 0
1354 1373 1544 0
1354 1374 1545 0
1354 1375 1546 0
1354 1376 1547 0
1355 1356 1548 0
1355 1377 1549 0
1355 1378 1550 0
1355 1379 1551 0
1355 1380 1552 0
1355 1381 1553 0
1377 1381 1554 0
1377 1394 1555 0
1377 1395 1556 0
1381 1382 1557 0
1381 1393 1558 0
1383 1384 1559 0
1383 1385 1560 0
1383 1386 1561 0
1383 1387 1562 0
1383 1388 1563 0
1383 1389 1564 0
1383 1390 1565 0
1383 1391 1566 0
1388 1393 1567 0
1391 1433 1568 0
1392 1393 1569 0
1393 1396 1570 0
1393 1397 1571 0
1393 1398 1572 0
1393 1399 1573 0
1393 1400 1574 0
1393 1401 1575 0
1393 1402 1576 0
1393 1403 1577 0
1393 1404 1578 0
1393 1405 1579 0
1393 1406 1580 0
1393 1407 1581 0
1400 1418 1582 0
1403 1418 1583 0
1407 1418 1584 0
1409 1410 1585 0
1409 1411 1586 0
1409 1412 1587 0
1409 1413 1588 0
1409 1414 1589 0
1409 1415 1590 0
1409 1416 1591 0
1409 1417 1592 0
1417 1425 1593 0
1418 1419 1594 0
1418 1420 1595 0
1418 1421 1596 0
1418 1422 1597 0
1418 1423 1598 0
1418 1424 1599 0
1425 1428 1600 0
1426 1427 1601 0
1428 1429 1602 0
1428 1430 1603 0
1428 1431 1604 0
1428 1432 1605 0
1433 1434 1606 0
1436 1437 1607 0
1436 1438 1608 0
1439 1440 1609 0
1441 1442 1610 0
1443 1444 1611 1
1445 1446 1612 1
1445 1447 1613 1
1445 1448 1614 1
1445 1449 1615 1
1445 1450 1616 1
1445 1451 1617 1
1445 1452 1618 1
1445 1453 1619 1
1445 1801 1620 1
1445 1853 1621 1
1445 1863 1622 1
1445 1864 1623 1
1445 1865 1624 1
1445 1866 1625 1
1445 1867 1626 1
1454 1455 1627 1
1454 1456 1628 1
1454 1457 1629 1
1454 1458 1630 1
1454 1459 1631 1
1454 1460 1632 1
1454 1461 1633 1
1454 1462 1634 1
1454 1463 1635 1
1454 1464 1636 1
1454 1465 1637 1
1454 1466 1638 1
1454 1467 1639 1
1454 1468 1640 1
1454 1469 1641 1
1454 1470 1642 1
1454 1471 1643 1
1454 1472 1644 1
1454 1473 1645 1
1454 1474 1646 1
1454 1475 1647 1
1454 1476 1648 1
1454 1477 1649 1
1454 1478 1650 1
1454 1479 1651 1
1454 1480 1652 1
1454 1481 1653 1
1454 1482 1654 1
1454 1483 1655 1
1454 1484 1656 1
1454 1485 1657 1
1454 1486 1658 1
1454 1487 1659 1
1454 1488 1660 1
1454 1489 1661 1
1454 1490 1662 1
1454 1491 1663 1
1454 1492 1664 1
1454 1493 1665 1
1454 1494 1666 1
1454 1732 1667 1
1465 1732 1668 1
1478 1732 1669 1
1486 1646 1670 1
1495 1496 1671 1
1495 1497 1672 1
1495 1498 1673 1
1495 1499 1674 1
1495 1500 1675 1
1495 1501 1676 1
1495 1502 1677 1
1495 1503 1678 1
1495 1504 1679 1
1495 1505 1680 1
1495 1506 1681 1
1495 1507 1682 1
1495 1508 1683 1
1495 1509 1684 1
1495 1510 1685 1
1495 1511 1686 1
1495 1512 1687 1
1495 1513 1688 1
1495 1514 1689 1
1495 1515 1690 1
1495 1516 1691 1
1495 1517 1692 1
1495 1518 1693 1
1495 1519 1694 1
1495 1520 1695 1
1495 1521 1696 1
1495 1522 1697 1
1495 1523 1698 1
1495 1524 1699 1
1495 1525 1700 1
1495 1526 1701 1
1495 1527 1702 1
1495 1528 1703 1
1495 1529 1704 1
1495 1530 1705 1
1506 1531 1706 1
1511 1789 1707 1
1531 1532 1708 1
1531 1533 1709 1
1531 1534 1710 1
1531 1535 1711 1
1531 1536 1712 1
1531 1537 1713 1
1531 1538 1714 1
1531 1539 1715 1
1531 1540 1716 1
1531 1541 1717 1
1531 1542 1718 1
1531 1543 1719 1
1531 1544 1720 1
1531 1545 1721 1
1531 1546 1722 1
1531 1547 1723 1
1531 1548 1724 1
1531 1549 1725 1
1531 1550 1726 1
1531 1551 1727 1
1531 1552 1728 1
1531 1553 1729 1
1531 1554 1730 1
1531 1555 1731 1
1531 1556 1732 1
1531 1557 1733 1
1531 1558 1734 1
1531 1559 1735 1
1531 1560 1736 1
1531 1561 1737 1
1531 1562 1738 1
1531 1563 1739 1
1531 1564 1740 1
1531 1565 1741 1
1531 1566 1742 1
1531 1567 1743 1
1531 1568 1744 1
1531 1569 1745 1
1531 1570 1746 1
1531 1571 1747 1
1531 1572 1748 1
1531 1573 1749 1
1531 1574 1750 1
1531 1575 1751 1
1531 1576 1752 1
1531 1577 1753 1
1531 1578 1754 1
1531 1579 1755 1
1531 1580 1756 1
1531 1581 1757 1
1531 1582 1758 1
1531 1583 1759 1
1531 1584 1760 1
1531 1585 1761 1
1531 1586 1762 1
1531 1587 1763 1
1531 1588 1764 1
1531 1589 1765 1
1531 1590 1766 1
1531 1591 1767 1
1531 1592 1768 1
1531 1593 1769 1
1531 1594 1770 1
1531 1595 1771 1
1531 1596 1772 1
1531 1597 1773 1
1531 1598 1774 1
1531 1599 1775 1
1531 1600 1776 1
1531 1601 1777 1
1531 1602 1778 1
1531 1603 1779 1
1531 1604 1780 1
1531 1605 1781 1
1531 1606 1782 1
1531 1607 1783 1
1531 1608 1784 1
1531 1609 1785 1
1531 1610 1786 1
1531 1611 1787 1
1531 1612 1788 1
1531 1613 1789 1
1531 1614 1790 1
1531 1615 1791 1
1531 1616 1792 1
1531 1617 1793 1
1531 1618 1794 1
1531 1619 1795 1
1531 1620 1796 1
1531 1621 1797 1
1531 1622 1798 1
1531 1623 1799 1
1531 1624 1800 1
1531 1625 1801 1
1531 1626 1802 1
1531 1627 1803 1
1531 1628 1804 1
1531 1629 1805 1
1531 1630 1806 1
1531 1631 1807 1
1531 1632 1808 1
1531 1633 1809 1
1531 1634 1810 1
1531 1635 1811 1
1531 1636 1812 1
1531 1637 1813 1
1531 1638 1814 1
1531 1639 1815 1
1531 1640 1816 1
1531 1641 1817 1
1531 1642 1818 1
1531 1643 1819 1
1531 1644 1820 1
1531 1645 1821 1
1540 1880 1822 2
1569 1789 1823 1
1587 1646 1824 1
1594 1873 1825 1
1614 1646 1826 1
1641 1646 1827 1
1646 1647 1828 1
1646 1648 1829 1
1646 1649 1830 1
1646 1650 1831 1
1646 1651 1832 1
1646 1652 1833 1
1646 1653 1834 1
1646 1654 1835 1
1646 1655 1836 1
1646 1656 1837 1
1646 1657 1838 1
1646 1658 1839 1
1646 1659 1840 1
1646 1660 1841 1
1646 1661 1842 1
1646 1662 1843 1
1646 1663 1844 1
1646 1664 1845 1
1646 1665 1846 1
1646 1666 1847 1
1646 1667 1848 1
1646 1668 1849 1
1646 1669 1850 1
1646 1670 1851 1
1646 1671 1852 1
1646 1672 1853 1
1646 1673 1854 1
1646 1674 1855 1
1646 1675 1856 1
1646 1676 1857 1
1646 1677 1858 1
1646 1678 1859 1
1646 1679 1860 1
1646 1680 1861 1
1646 1681 1862 1
1646 1682 1863 1
1646 1683 1864 1
1646 1684 1865 1
1646 1685 1866 1
1646 1686 1867 1
1646 1687 1868 1
1646 1688 1869 1
1646 1689 1870 1
1646 1690 1871 1
1646 1691 1872 1
1646 1692 1873 1
1646 1693 1874 1
1646 1694 1875 1
1646 1695 1876 1
1646 1696 1877 1
1646 1697 1878 1
1646 1698 1879 1
1646 1699 1880 1
1646 1700 1881 1
1646 1701 1882 1
1646 1702 1883 1
1646 1703 1884 1
1646 1704 1885 1
1646 1705 1886 1
1646 1706 1887 1
1646 1707 1888 1
1646 1708 1889 1
1646 1709 1890 1
1646 1710 1891 1
1646 1711 1892 1
1646 1712 1893 1
1646 1713 1894 1
1646 1714 1895 1
1646 1715 1896 1
1646 1716 1897 1
1646 1717 1898 1
1646 1718 1899 1
1646 1719 1900 1
1646 1720 1901 1
1646 1721 1902 1
1646 1722 1903 1
1646 1723 1904 1
1646 1724 1905 1
1646 1725 1906 1
1646 1726 1907 1
1646 1727 1908 1
1646 1728 1909 1
1646 1729 1910 1
1646 1730 1911 1
1646 1731 1912 1
1661 1834 1913 1
1732 1733 1914 1
1732 1734 1915 1
1732 1735 1916 1
1732 1736 1917 1
1732 1737 1918 1
1732 1738 1919 1
1732 1739 1920 1
1732 1740 1921 1
1732 1741 1922 1
1732 1742 1923 1
1732 1743 1924 1
1732 1744 1925 1
1732 1745 1926 1
1732 1746 1927 1
1732 1747 1928 1
1732 1748 1929 1
1732 1749 1930 1
1732 1750 1931 1
1732 1751 1932 1
1732 1752 1933 1
1732 1753 1934 1
1732 1754 1935 1
1732 1755 1936 1
1732 1756 1937 1
1732 1757 1938 1
1732 1758 1939 1
1732 1759 1940 1
1732 1760 1941 1
1732 1761 1942 1
1732 1762 1943 1
1732 1763 1944 1
1732 1764 1945 1
1732 1765 1946 1
1732 1766 1947 1
1732 1767 1948 1
1732 1768 1949 1
1732 1769 1950 1
1732 1770 1951 1
1732 1771 1952 1
1732 1772 1953 1
1732 1773 1954 1
1732 1774 1955 1
1732 1775 1956 1
1732 1776 1957 1
1732 1777 1958 1
1732 1778 1959 1
1732 1779 1960 1
1732 1780 1961 1
1732 1781 1962 1
1732 1782 1963 1
1732 1783 1964 1
1732 1784 1965 1
1732 1785 1966 1
1732 1786 1967 1
1732 1787 1968 1
1732 1788 1969 1
1749 1789 1970 1
1749 2110 1971 2
1765 1834 1972 1
1789 1790 1973 1
1789 1791 1974 1
1789 1792 1975 1
1789 1793 1976 1
1789 1794 1977 1
1789 1795 1978 1
1789 1796 1979 1
1789 1797 1980 1
1789 1798 1981 1
1789 1799 1982 1
1789 1800 1983 1
1789 1801 1984 1
1789 1802 1985 1
1789 1803 1986 1
1789 1804 1987 1
1789 1805 1988 1
1789 1806 1989 1
1789 1807 1990 1
1789 1808 1991 1
1789 1809 1992 1
1789 1810 1993 1
1789 1811 1994 1
1789 1812 1995 1
1789 1813 1996 1
1789 1814 1997 1
1789 1815 1998 1
1789 1816 1999 1
1789 1817 2000 1
1801 1868 2001 1
1808 1851 2002 1
1818 1819 2003 1
1818 1820 2004 1
1818 1821 2005 1
1818 1822 2006 1
1818 1823 2007 1
1818 1824 2008 1
1818 1825 2009 1
1818 1826 2010 1
1818 1827 2011 1
1818 1828 2012 1
1818 1829 2013 1
1818 1830 2014 1
1818 1831 2015 1
1818 1832 2016 1
1818 1833 2017 1
1834 1835 2018 1
1834 1836 2019 1
1834 1837 2020 1
1834 1838 2021 1
1834 1839 2022 1
1834 1840 2023 1
1834 1841 2024 1
1834 1842 2025 1
1834 1843 2026 1
1834 1844 2027 1
1834 1845 2028 1
1834 1846 2029 1
1834 1847 2030 1
1834 1848 2031 1
1834 1849 2032 1
1834 1850 2033 1
1851 1852 2034 1
1851 1853 2035 1
1851 1854 2036 1
1853 1855 2037 1
1855 1856 2038 1
1855 1857 2039 1
1855 1858 2040 1
1855 1859 2041 1
1855 1860 2042 1
1855 1861 2043 1
1855 1862 2044 1
1868 1869 2045 1
1868 1870 2046 1
1871 1872 2047 1
1874 1875 2048 2
1875 1876 2049 2
1875 1877 2050 2
1878 1879 2051 2
1880 1881 2052 2
1882 1883 2053 2
1882 1884 2054 2
1884 2067 2055 2
1884 2068 2056 2
1885 1886 2057 2
1885 1887 2058 2
1885 1955 2059 2
1886 1954 2060 2
1886 1966 2061 2
1888 1889 2062 2
1889 2062 2063 2
1890 1891 2064 2
1890 1892 2065 2
1893 1894 2066 2
1893 1895 2067 2
1896 1897 2068 2
1898 1899 2069 2
1898 1900 2070 2
1898 1901 2071 2
1898 1902 2072 2
1898 1903 2073 2
1898 1904 2074 2
1898 1905 2075 2
1898 1906 2076 2
1898 1907 2077 2
1898 1908 2078 2
1898 1909 2079 2
1898 1910 2080 2
1898 1911 2081 2
1898 1912 2082 2
1898 1913 2083 2
1898 1914 2084 2
1898 1915 2085 2
1898 1916 2086 2
1898 1917 2087 2
1898 1918 2088 2
1898 1919 2089 2
1898 1920 2090 2
1898 1921 2091 2
1898 1922 2092 2
1898 1923 2093 2
1898 1924 2094 2
1898 1925 2095 2
1898 1926 2096 2
1898 1927 2097 2
1898 1928 2098 2
1898 1929 2099 2
1898 1930 2100 2
1898 1931 2101 2
1898 1932 2102 2
1898 1933 2103 2
1898 1934 2104 2
1898 1935 2105 2
1898 1936 2106 2
1898 1937 2107 2
1898 1938 2108 2
1898 1939 2109 2
1898 1940 2110 2
1898 1941 2111 2
1898 1942 2112 2
1898 1943 2113 2
1898 1944 2114 2
1898 1945 2115 2
1898 1946 2116 2
1898 1947 2117 2
1898 1948 2118 2
1931 1963 2119 2
1937 2057 2120 2
1949 1950 2121 2
1949 1951 2122 2
1949 1952 2123 2
1949 1953 2124 2
1956 1957 2125 2
1956 1958 2126 2
1956 1959 2127 2
1956 1960 2128 2
1960 1963 2129 2
1961 1962 2130 2
1963 1964 2131 2
1963 1965 2132 2
1966 1967 2133 2
1966 1968 2134 2
1966 1969 2135 2
1966 1970 2136 2
1971 1972 2137 2
1971 1973 2138 2
1971 1974 2139 2
1975 1976 2140 2
1975 1977 2141 2
1975 1978 2142 2
1975 1979 2143 2
1975 1980 2144 2
1975 1981 2145 2
1975 1982 2146 2
1975 1983 2147 2
1975 1984 2148 2
1975 1985 2149 2
1975 1986 2150 2
1975 1987 2151 2
1975 1988 2152 2
1975 1989 2153 2
1975 1990 2154 2
1975 1991 2155 2
1975 1992 2156 2
1975 1993 2157 2
1975 1994 2158 2
1975 1995 2159 2
1975 1996 2160 2
1975 1997 2161 2
1975 1998 2162 2
1975 1999 2163 2
1975 2000 2164 2
1975 2001 2165 2
1975 2002 2166 2
1975 2003 2167 2
1975 2004 2168 2
1975 2005 2169 2
1975 2006 2170 2
1975 2007 2171 2
1975 2008 2172 2
1975 2009 2173 2
1975 2010 2174 2
1975 2011 2175 2
1975 2012 2176 2
1975 2013 2177 2
1975 2014 2178 2
1975 2015 2179 2
1975 2016 2180 2
1975 2017 2181 2
1975 2018 2182 2
1975 2019 2183 2
2021 2022 2184 2
2023 2024 2185 2
2023 2025 2186 2
2023 2026 2187 2
2023 2027 2188 2
2023 2028 2189 2
2023 2029 2190 2
2030 2031 2191 2
2030 2032 2192 2
2030 2033 2193 2
2030 2034 2194 2
2030 2035 2195 2
2030 2036 2196 2
2030 2037 2197 2
2030 2038 2198 2
2030 2039 2199 2
2040 2041 2200 2
2040 2042 2201 2
2040 2043 2202 2
2040 2044 2203 2
2040 2045 2204 2
2040 2046 2205 2
2040 2047 2206 2
2040 2048 2207 2
2040 2049 2208 2
2040 2050 2209 2
2040 2051 2210 2
2040 2052 2211 2
2040 2053 2212 2
2040 2054 2213 2
2040 2055 2214 2
2040 2056 2215 2
2057 2058 2216 2
2057 2059 2217 2
2057 2060 2218 2
2057 2061 2219 2
2062 2063 2220 2
2062 2064 2221 2
2062 2065 2222 2
2069 2070 2223 2
2069 2071 2224 2
2069 2072 2225 2
2069 2073 2226 2
2069 2074 2227 2
2069 2075 2228 2
2069 2076 2229 2
2069 2077 2230 2
2069 2078 2231 2
2069 2079 2232 2
2069 2080 2233 2
2069 2081 2234 2
2069 2082 2235 2
2069 2083 2236 2
2069 2084 2237 2
2069 2085 2238 2
2069 2086 2239 2
2069 2087 2240 2
2069 2088 2241 2
2069 2089 2242 2
2069 2090 2243 2
2069 2091 2244 2
2069 2092 2245 2
2069 2093 2246 2
2069 2094 2247 2
2069 2095 2248 2
2069 2096 2249 2
2069 2097 2250 2
2069 2098 2251 2
2069 2099 2252 2
2069 2100 2253 2
2069 2101 2254 2
2069 2102 2255 2
2103 2104 2256 2
2105 2106 2257 2
2105 2107 2258 2
2105 2108 2259 2
2105 2109 2260 2
2109 2110 2261 2
2110 2111 2262 2
2110 2112 2263 2
2110 2113 2264 2
2110 2114 2265 2
2110 2115 2266 2
2110 2116 2267 2
2110 2117 2268 2
2110 2118 2269 2
2110 2119 2270 2
2110 2120 2271 2
2110 2121 2272 2
2110 2122 2273 2
2110 2123 2274 2
2110 2124 2275 2
2110 2125 2276 2
2110 2126 2277 2
2110 2127 2278 2
2110 2128 2279 2
2110 2129 2280 2
2124 2132 2281 2
2130 2131 2282 2
2132 2133 2283 2
2132 2134 2284 2
2132 2135 2285 2
2132 2136 2286 2
2137 2138 2287 2
2139 2140 2288 2
2141 2142 2289 2
