0 1 0
0 2 1
0 3 2
0 4 3
0 5 4
0 6 5
0 14 6
0 15 7
0 16 8
0 17 9
0 18 10
0 21 11
0 22 12
0 24 13
0 25 14
0 28 15
0 44 16
0 45 17
0 46 18
0 47 19
0 49 20
0 83 21
0 84 22
0 86 23
0 89 24
0 115 25
0 117 26
0 124 27
0 126 28
0 127 29
0 128 30
0 129 31
0 156 32
0 202 33
0 215 34
0 231 35
0 240 36
0 241 37
0 254 38
0 260 39
0 277 40
0 280 41
0 285 42
0 286 43
0 287 44
0 295 45
0 308 46
0 312 47
0 318 48
0 323 49
0 327 50
0 330 51
0 333 52
0 334 53
0 335 54
0 359 55
0 360 56
0 378 57
0 382 58
0 388 59
0 389 60
0 401 61
0 405 62
0 408 63
0 409 64
0 413 65
0 415 66
0 417 67
0 418 68
0 419 69
0 420 70
0 422 71
0 430 72
0 443 73
0 449 74
0 457 75
0 458 76
0 459 77
0 466 78
0 467 79
0 468 80
0 469 81
0 470 82
0 471 83
0 472 84
0 473 85
0 474 86
0 475 87
0 476 88
0 477 89
0 478 90
0 479 91
0 480 92
0 482 93
0 483 94
0 484 95
0 485 96
0 486 97
0 487 98
0 488 99
0 489 100
0 490 101
0 491 102
0 492 103
0 494 104
0 509 105
0 515 106
0 516 107
0 517 108
0 518 109
0 519 110
0 520 111
0 521 112
0 522 113
0 523 114
0 524 115
0 527 116
0 528 117
0 529 118
0 530 119
0 531 120
0 532 121
0 533 122
0 534 123
0 535 124
0 536 125
0 537 126
0 538 127
0 539 128
0 540 129
0 541 130
0 542 131
0 543 132
0 544 133
0 545 134
0 546 135
0 547 136
0 548 137
0 549 138
0 550 139
0 551 140
0 552 141
0 553 142
0 554 143
0 555 144
0 560 145
0 561 146
0 562 147
0 563 148
0 564 149
0 565 150
0 566 151
0 567 152
0 568 153
0 570 154
0 571 155
0 572 156
0 573 157
0 574 158
0 575 159
0 576 160
0 577 161
0 578 162
0 579 163
0 580 164
0 581 165
0 582 166
0 583 167
0 584 168
0 585 169
0 586 170
0 587 171
0 588 172
0 589 173
0 590 174
0 593 175
0 594 176
0 595 177
0 596 178
0 597 179
0 598 180
0 599 181
0 611 182
0 612 183
0 613 184
0 614 185
0 615 186
0 617 187
0 618 188
0 619 189
0 620 190
0 621 191
0 624 192
0 625 193
0 626 194
0 627 195
0 628 196
0 629 197
0 640 198
0 643 199
0 666 200
0 899 201
0 929 202
0 935 203
0 936 204
0 937 205
0 938 206
0 939 207
0 940 208
0 960 209
1 83 210
1 359 211
1 481 212
2 126 213
2 331 214
2 927 215
4 613 216
4 931 217
5 126 218
5 639 219
6 83 220
6 126 221
6 359 222
6 616 223
6 835 224
7 8 225
7 9 226
7 10 227
11 12 228
11 13 229
11 434 230
11 435 231
11 445 232
11 446 233
11 631 234
11 632 235
11 872 236
11 873 237
11 874 238
11 875 239
11 878 240
11 879 241
11 909 242
11 910 243
14 15 244
14 16 245
14 22 246
14 25 247
14 83 248
14 119 249
14 126 250
14 312 251
15 16 252
15 18 253
15 21 254
15 22 255
15 24 256
15 25 257
15 26 258
15 28 259
15 29 260
15 30 261
15 43 262
15 44 263
15 47 264
15 49 265
15 83 266
15 93 267
15 116 268
15 118 269
15 119 270
15 123 271
15 126 272
15 128 273
15 129 274
15 156 275
15 176 276
15 182 277
15 183 278
15 184 279
15 185 280
15 186 281
15 187 282
15 188 283
15 189 284
15 190 285
15 191 286
15 192 287
15 193 288
15 194 289
15 195 290
15 196 291
15 197 292
15 198 293
15 199 294
15 200 295
15 201 296
15 202 297
15 203 298
15 204 299
15 205 300
15 206 301
15 207 302
15 208 303
15 209 304
15 210 305
15 211 306
15 212 307
15 213 308
15 214 309
15 215 310
15 216 311
15 217 312
15 218 313
15 219 314
15 220 315
15 221 316
15 222 317
15 223 318
15 224 319
15 225 320
15 226 321
15 227 322
15 228 323
15 229 324
15 230 325
15 231 326
15 232 327
15 233 328
15 234 329
15 235 330
15 236 331
15 237 332
15 238 333
15 239 334
15 240 335
15 241 336
15 242 337
15 243 338
15 244 339
15 247 340
15 256 341
15 260 342
15 309 343
15 310 344
15 311 345
15 312 346
15 327 347
15 329 348
15 330 349
15 333 350
15 335 351
15 337 352
15 359 353
15 371 354
15 578 355
15 645 356
15 722 357
15 864 358
16 18 359
16 19 360
16 21 361
16 22 362
16 24 363
16 25 364
16 26 365
16 28 366
16 30 367
16 43 368
16 44 369
16 48 370
16 49 371
16 83 372
16 88 373
16 93 374
16 115 375
16 118 376
16 119 377
16 123 378
16 126 379
16 128 380
16 129 381
16 130 382
16 137 383
16 182 384
16 183 385
16 184 386
16 185 387
16 186 388
16 187 389
16 188 390
16 189 391
16 190 392
16 191 393
16 192 394
16 193 395
16 194 396
16 195 397
16 196 398
16 197 399
16 198 400
16 199 401
16 200 402
16 201 403
16 202 404
16 203 405
16 204 406
16 205 407
16 206 408
16 207 409
16 208 410
16 209 411
16 210 412
16 211 413
16 212 414
16 213 415
16 214 416
16 215 417
16 216 418
16 217 419
16 218 420
16 219 421
16 220 422
16 221 423
16 222 424
16 223 425
16 224 426
16 225 427
16 226 428
16 227 429
16 228 430
16 229 431
16 230 432
16 231 433
16 232 434
16 233 435
16 234 436
16 235 437
16 236 438
16 237 439
16 238 440
16 239 441
16 240 442
16 241 443
16 242 444
16 243 445
16 244 446
16 245 447
16 246 448
16 247 449
16 248 450
16 249 451
16 250 452
16 251 453
16 252 454
16 253 455
16 254 456
16 255 457
16 256 458
16 257 459
16 258 460
16 259 461
16 260 462
16 297 463
16 308 464
16 312 465
16 330 466
16 342 467
16 343 468
16 344 469
16 345 470
16 346 471
16 347 472
16 348 473
16 349 474
16 350 475
16 351 476
16 352 477
16 353 478
16 354 479
16 355 480
16 356 481
16 357 482
16 358 483
16 359 484
16 371 485
17 22 486
17 24 487
17 25 488
17 42 489
17 43 490
17 44 491
17 45 492
17 46 493
17 47 494
17 83 495
17 359 496
17 539 497
18 22 498
18 25 499
18 83 500
19 20 501
21 22 502
21 119 503
21 312 504
21 330 505
22 23 506
22 24 507
22 25 508
22 26 509
22 27 510
22 28 511
22 29 512
22 30 513
22 43 514
22 44 515
22 47 516
22 49 517
22 83 518
22 93 519
22 115 520
22 116 521
22 117 522
22 118 523
22 119 524
22 123 525
22 124 526
22 126 527
22 201 528
22 217 529
22 229 530
22 240 531
22 242 532
22 243 533
22 247 534
22 248 535
22 259 536
22 329 537
22 337 538
22 407 539
22 443 540
22 480 541
22 521 542
22 577 543
22 601 544
22 602 545
22 603 546
22 604 547
22 605 548
22 606 549
22 607 550
22 608 551
22 609 552
22 610 553
22 865 554
22 866 555
24 93 556
24 115 557
24 118 558
24 119 559
24 260 560
24 312 561
24 330 562
24 657 563
25 43 564
25 44 565
25 46 566
25 47 567
25 83 568
25 119 569
25 126 570
25 128 571
25 297 572
25 312 573
25 359 574
25 378 575
28 118 576
28 119 577
28 329 578
28 338 579
28 530 580
28 714 581
28 715 582
28 716 583
28 717 584
28 718 585
28 719 586
28 720 587
28 725 588
28 821 589
28 824 590
31 32 591
31 33 592
31 34 593
31 35 594
31 36 595
31 37 596
31 38 597
31 39 598
31 40 599
31 41 600
31 90 601
31 91 602
31 92 603
32 305 604
33 305 605
34 305 606
36 305 607
37 305 608
38 305 609
40 305 610
43 312 611
44 46 612
44 83 613
44 119 614
44 124 615
44 312 616
44 359 617
44 378 618
44 420 619
46 47 620
46 83 621
46 126 622
46 359 623
46 541 624
47 83 625
47 119 626
47 124 627
47 277 628
47 312 629
47 359 630
48 50 631
48 93 632
48 99 633
49 83 634
49 93 635
49 115 636
49 118 637
49 312 638
49 359 639
49 421 640
50 51 641
50 52 642
50 53 643
50 54 644
50 55 645
50 56 646
50 57 647
50 58 648
50 59 649
50 60 650
50 61 651
50 62 652
50 63 653
50 64 654
50 65 655
50 66 656
50 67 657
50 68 658
50 69 659
50 70 660
50 71 661
50 72 662
50 73 663
50 74 664
50 75 665
50 76 666
50 77 667
50 78 668
50 79 669
50 80 670
50 81 671
50 82 672
50 139 673
51 130 674
52 130 675
53 130 676
54 130 677
55 99 678
55 130 679
56 130 680
57 99 681
57 130 682
58 130 683
60 130 684
62 130 685
65 99 686
65 130 687
67 130 688
68 130 689
69 130 690
70 130 691
72 130 692
75 99 693
76 130 694
77 130 695
80 130 696
82 130 697
83 84 698
83 85 699
83 86 700
83 87 701
83 88 702
83 89 703
83 119 704
83 124 705
83 126 706
83 128 707
83 197 708
83 229 709
83 254 710
83 255 711
83 257 712
83 259 713
83 277 714
83 278 715
83 279 716
83 280 717
83 281 718
83 282 719
83 283 720
83 284 721
83 285 722
83 286 723
83 287 724
83 288 725
83 289 726
83 290 727
83 291 728
83 292 729
83 293 730
83 294 731
83 295 732
83 296 733
83 297 734
83 298 735
83 299 736
83 300 737
83 301 738
83 302 739
83 303 740
83 304 741
83 312 742
83 313 743
83 314 744
83 315 745
83 316 746
83 317 747
83 318 748
83 319 749
83 320 750
83 322 751
83 328 752
83 341 753
83 360 754
83 361 755
83 362 756
83 363 757
83 364 758
83 365 759
83 366 760
83 367 761
83 467 762
83 591 763
83 592 764
84 359 765
86 359 766
89 277 767
89 359 768
90 305 769
92 726 770
93 94 771
93 95 772
93 96 773
93 97 774
93 98 775
93 115 776
93 116 777
93 117 778
93 118 779
93 119 780
93 120 781
93 121 782
93 122 783
93 261 784
93 262 785
93 263 786
93 264 787
93 265 788
93 266 789
93 267 790
93 268 791
93 269 792
93 270 793
93 271 794
93 272 795
94 130 796
96 99 797
99 100 798
99 101 799
99 102 800
99 103 801
99 104 802
99 105 803
99 106 804
99 107 805
99 108 806
99 109 807
99 110 808
99 111 809
99 112 810
99 113 811
99 114 812
106 130 813
107 130 814
110 125 815
114 130 816
115 116 817
115 117 818
115 118 819
115 119 820
115 120 821
115 121 822
115 122 823
115 312 824
115 330 825
116 118 826
117 118 827
117 713 828
118 119 829
118 120 830
118 121 831
118 122 832
118 666 833
118 726 834
119 124 835
119 191 836
119 242 837
119 259 838
119 260 839
119 296 840
119 297 841
119 312 842
119 316 843
119 321 844
119 323 845
119 324 846
119 325 847
119 326 848
119 327 849
119 328 850
119 329 851
119 330 852
119 332 853
119 333 854
119 334 855
119 335 856
119 336 857
119 337 858
119 338 859
119 339 860
119 340 861
119 359 862
119 369 863
119 370 864
119 371 865
119 372 866
119 373 867
119 374 868
119 375 869
119 383 870
119 384 871
119 385 872
119 386 873
119 425 874
119 645 875
119 659 876
119 660 877
119 661 878
119 662 879
119 663 880
119 664 881
119 665 882
119 932 883
119 933 884
121 724 885
121 726 886
121 821 887
121 825 888
124 312 889
124 317 890
124 359 891
125 368 892
126 129 893
126 277 894
126 359 895
126 376 896
126 377 897
126 388 898
126 391 899
126 405 900
126 427 901
126 430 902
126 432 903
126 442 904
126 447 905
126 448 906
126 449 907
126 450 908
126 451 909
126 458 910
126 459 911
126 460 912
126 475 913
126 476 914
126 480 915
126 508 916
126 516 917
126 541 918
126 560 919
126 577 920
126 585 921
126 626 922
126 849 923
126 897 924
126 898 925
126 899 926
126 900 927
126 901 928
126 902 929
126 903 930
126 904 931
126 905 932
126 906 933
126 907 934
126 908 935
128 297 936
128 312 937
128 359 938
130 131 939
130 132 940
130 133 941
130 134 942
130 135 943
130 136 944
130 137 945
130 138 946
130 139 947
130 140 948
130 141 949
130 142 950
130 143 951
130 144 952
130 145 953
130 146 954
130 147 955
130 148 956
130 149 957
130 150 958
130 151 959
130 152 960
130 153 961
130 154 962
130 155 963
130 156 964
130 157 965
130 158 966
130 159 967
130 160 968
130 161 969
130 162 970
130 163 971
130 164 972
130 165 973
130 166 974
130 167 975
130 168 976
130 169 977
130 170 978
130 171 979
130 172 980
130 173 981
130 174 982
130 175 983
130 176 984
130 177 985
130 178 986
130 179 987
130 180 988
130 181 989
130 273 990
130 274 991
130 275 992
130 276 993
130 306 994
130 307 995
137 139 996
139 180 997
191 260 998
191 330 999
197 359 1000
234 493 1001
234 525 1002
234 597 1003
234 613 1004
240 453 1005
242 330 1006
242 371 1007
254 359 1008
255 359 1009
257 359 1010
259 371 1011
260 297 1012
260 328 1013
260 330 1014
260 332 1015
260 333 1016
260 335 1017
260 339 1018
260 340 1019
260 369 1020
260 370 1021
260 371 1022
260 372 1023
260 373 1024
260 374 1025
269 493 1026
269 525 1027
277 280 1028
277 359 1029
277 413 1030
277 466 1031
277 486 1032
277 527 1033
277 537 1034
277 569 1035
278 359 1036
279 359 1037
280 359 1038
281 359 1039
282 359 1040
283 359 1041
284 359 1042
284 616 1043
284 657 1044
285 359 1045
286 359 1046
287 312 1047
287 359 1048
287 694 1049
288 359 1050
289 359 1051
290 359 1052
291 359 1053
292 359 1054
293 359 1055
294 359 1056
295 312 1057
295 359 1058
296 359 1059
297 312 1060
297 330 1061
297 359 1062
298 359 1063
299 359 1064
300 359 1065
301 359 1066
302 359 1067
303 312 1068
303 359 1069
304 359 1070
308 312 1071
312 317 1072
312 327 1073
312 328 1074
312 330 1075
312 332 1076
312 335 1077
312 341 1078
312 359 1079
312 360 1080
312 361 1081
312 370 1082
312 371 1083
312 374 1084
312 376 1085
312 377 1086
312 378 1087
312 379 1088
312 380 1089
312 381 1090
312 382 1091
312 401 1092
312 402 1093
312 403 1094
312 404 1095
312 406 1096
312 407 1097
312 408 1098
312 409 1099
312 410 1100
312 411 1101
312 412 1102
312 413 1103
312 414 1104
312 415 1105
312 416 1106
312 417 1107
312 418 1108
312 419 1109
312 421 1110
312 422 1111
312 423 1112
312 424 1113
312 458 1114
312 551 1115
312 622 1116
312 623 1117
312 653 1118
312 654 1119
312 655 1120
312 656 1121
312 657 1122
313 359 1123
313 963 1124
314 359 1125
315 359 1126
316 359 1127
317 359 1128
318 359 1129
319 359 1130
320 359 1131
322 359 1132
324 443 1133
326 329 1134
326 453 1135
327 657 1136
328 330 1137
330 332 1138
330 333 1139
330 335 1140
330 339 1141
330 340 1142
330 369 1143
330 370 1144
330 371 1145
330 372 1146
330 373 1147
330 374 1148
330 645 1149
330 658 1150
330 666 1151
330 667 1152
336 666 1153
336 726 1154
337 832 1155
339 638 1156
340 638 1157
341 359 1158
359 360 1159
359 361 1160
369 638 1161
371 384 1162
371 385 1163
371 386 1164
371 645 1165
371 659 1166
371 660 1167
371 661 1168
371 665 1169
371 667 1170
371 668 1171
371 669 1172
375 638 1173
375 941 1174
376 417 1175
376 613 1176
376 639 1177
384 666 1178
387 388 1179
387 389 1180
388 639 1181
388 928 1182
390 391 1183
390 392 1184
390 393 1185
390 394 1186
390 395 1187
390 396 1188
390 397 1189
391 927 1190
393 927 1191
398 399 1192
398 400 1193
398 630 1194
398 867 1195
398 868 1196
406 657 1197
426 427 1198
427 428 1199
427 429 1200
427 430 1201
427 431 1202
427 934 1203
430 431 1204
430 436 1205
430 437 1206
430 438 1207
430 442 1208
430 639 1209
431 432 1210
431 433 1211
435 963 1212
437 440 1213
437 441 1214
438 439 1215
443 444 1216
443 447 1217
448 449 1218
448 450 1219
448 451 1220
448 452 1221
449 639 1222
453 833 1223
453 834 1224
454 455 1225
456 457 1226
456 879 1227
456 880 1228
456 882 1229
456 883 1230
456 884 1231
456 885 1232
456 886 1233
456 887 1234
456 888 1235
456 889 1236
456 890 1237
456 891 1238
456 930 1239
456 952 1240
456 954 1241
456 955 1242
456 956 1243
456 957 1244
456 958 1245
456 959 1246
456 971 1247
456 972 1248
457 458 1249
458 459 1250
458 460 1251
458 894 1252
461 462 1253
461 463 1254
461 464 1255
461 465 1256
476 639 1257
479 480 1258
480 637 1259
480 639 1260
493 494 1261
493 495 1262
493 496 1263
493 497 1264
493 498 1265
493 499 1266
493 500 1267
493 501 1268
493 502 1269
493 503 1270
493 504 1271
493 505 1272
493 506 1273
493 507 1274
493 508 1275
493 509 1276
493 510 1277
493 511 1278
493 512 1279
493 513 1280
493 514 1281
493 525 1282
494 525 1283
495 525 1284
496 525 1285
497 525 1286
498 525 1287
499 525 1288
500 525 1289
501 525 1290
502 525 1291
502 726 1292
502 821 1293
503 525 1294
504 525 1295
505 525 1296
506 525 1297
507 525 1298
508 525 1299
508 705 1300
509 525 1301
510 525 1302
511 525 1303
512 525 1304
513 525 1305
514 525 1306
515 626 1307
515 633 1308
516 639 1309
516 705 1310
525 526 1311
556 557 1312
556 558 1313
556 559 1314
576 705 1315
577 639 1316
585 639 1317
599 600 1318
604 638 1319
613 922 1320
613 925 1321
613 926 1322
619 862 1323
620 705 1324
623 675 1325
623 924 1326
626 705 1327
634 635 1328
635 636 1329
638 649 1330
638 650 1331
639 640 1332
639 641 1333
639 642 1334
639 643 1335
639 644 1336
639 645 1337
645 825 1338
645 828 1339
645 829 1340
645 830 1341
646 647 1342
646 648 1343
651 652 1344
657 670 1345
657 671 1346
657 672 1347
657 673 1348
657 674 1349
657 675 1350
657 676 1351
657 677 1352
657 678 1353
657 679 1354
657 680 1355
657 681 1356
657 682 1357
657 683 1358
657 684 1359
657 685 1360
657 686 1361
657 687 1362
657 688 1363
657 689 1364
657 690 1365
657 691 1366
659 661 1367
666 719 1368
666 825 1369
666 831 1370
692 693 1371
695 696 1372
695 697 1373
695 698 1374
695 699 1375
695 700 1376
695 701 1377
695 702 1378
695 703 1379
695 704 1380
695 705 1381
695 706 1382
705 707 1383
705 708 1384
705 709 1385
705 710 1386
705 711 1387
705 712 1388
713 726 1389
713 821 1390
718 721 1391
718 723 1392
719 726 1393
726 727 1394
726 728 1395
726 729 1396
726 730 1397
726 731 1398
726 732 1399
726 733 1400
726 734 1401
726 735 1402
726 736 1403
726 737 1404
726 738 1405
726 739 1406
726 740 1407
726 741 1408
726 742 1409
726 743 1410
726 744 1411
726 745 1412
726 746 1413
726 747 1414
726 748 1415
726 749 1416
726 750 1417
726 751 1418
726 752 1419
726 753 1420
726 754 1421
726 755 1422
726 756 1423
726 757 1424
726 758 1425
726 759 1426
726 760 1427
726 761 1428
726 762 1429
726 763 1430
726 764 1431
726 765 1432
726 766 1433
726 767 1434
726 768 1435
726 769 1436
726 770 1437
726 771 1438
726 772 1439
726 773 1440
726 774 1441
726 775 1442
726 776 1443
726 777 1444
726 778 1445
726 779 1446
726 780 1447
726 781 1448
726 782 1449
726 783 1450
726 784 1451
726 785 1452
726 786 1453
726 787 1454
726 788 1455
726 789 1456
726 790 1457
726 791 1458
726 792 1459
726 793 1460
726 794 1461
726 795 1462
726 796 1463
726 797 1464
726 798 1465
726 799 1466
726 800 1467
726 801 1468
726 802 1469
726 803 1470
726 804 1471
726 805 1472
726 806 1473
726 807 1474
726 808 1475
726 809 1476
726 810 1477
726 811 1478
726 812 1479
726 813 1480
726 814 1481
726 815 1482
726 816 1483
726 817 1484
726 818 1485
726 819 1486
726 820 1487
777 825 1488
821 822 1489
821 823 1490
826 827 1491
835 836 1492
835 837 1493
835 838 1494
835 839 1495
835 840 1496
835 841 1497
835 842 1498
835 843 1499
835 844 1500
835 845 1501
835 846 1502
835 847 1503
835 848 1504
835 849 1505
835 850 1506
835 851 1507
835 852 1508
835 853 1509
835 854 1510
835 855 1511
835 856 1512
835 857 1513
835 858 1514
835 859 1515
835 860 1516
835 861 1517
862 863 1518
867 869 1519
870 871 1520
871 923 1521
876 877 1522
879 880 1523
879 881 1524
879 892 1525
880 893 1526
882 953 1527
895 896 1528
911 912 1529
911 913 1530
911 914 1531
911 915 1532
911 916 1533
911 917 1534
911 918 1535
911 919 1536
911 942 1537
920 921 1538
924 973 1539
942 943 1540
942 944 1541
942 945 1542
942 946 1543
942 947 1544
942 948 1545
942 949 1546
942 950 1547
942 951 1548
961 962 1549
963 964 1550
963 965 1551
963 966 1552
963 967 1553
963 968 1554
963 969 1555
963 970 1556
