0
0 
1
1 2 
2
3 4 5 6 
3
7 8 
4
9 10 11 12 
5
13 14 15 
6
16 
7
17 18 
8
19 20 21 22 
9
23 
10
24 25 26 
11
27 28 29 30 31 32 33 34 
12
35 
13
36 37 38 
14
39 
15
40 
16
41 42 43 
17
44 45 46 47 
18
48 
19
49 50 
20
51 
21
52 
22
53 
23
54 
24
55 
25
56 
26
57 
27
58 59 
28
60 
29
61 62 
30
63 
31
64 65 
32
66 67 68 
33
69 70 71 
34
72 73 74 
35
75 76 
36
77 78 
37
79 80 81 82 
38
83 
39
84 
40
85 86 
41
87 88 89 90 91 92 93 
42
94 95 
43
96 
44
97 98 99 
45
100 
46
101 102 103 104 
47
105 
48
106 107 108 109 110 
49
111 112 113 
50
114 
51
115 
52
116 
53
117 
54
118 
55
119 120 121 122 123 124 125 126 127 128 129 130 131 132 133 134 135 136 137 138 139 140 141 142 143 144 145 146 147 148 149 150 151 152 153 154 155 156 157 158 159 160 
56
161 162 163 
57
164 165 166 
58
167 
59
168 169 170 171 172 173 174 
60
175 
61
176 
62
177 
63
178 
64
179 
65
180 181 
66
182 
67
183 
68
184 185 186 187 
69
188 189 
70
190 191 
71
192 
72
193 
73
194 195 196 197 198 199 
74
200 
75
201 202 203 204 
76
205 206 207 208 
77
209 
78
210 211 212 
79
213 214 215 216 
80
217 218 219 220 
81
221 
82
222 223 
83
224 
84
225 
85
226 
86
227 228 229 230 231 232 
87
233 
88
234 
89
235 236 237 238 239 
90
240 
91
241 242 
92
243 244 
93
245 246 247 
94
248 249 
95
250 251 252 253 
96
254 255 
97
256 257 258 
98
259 260 
99
261 262 263 264 
100
265 
101
266 267 268 
102
269 270 
103
271 
104
272 273 274 275 276 277 
105
278 279 
106
280 281 
107
282 283 284 
108
285 286 287 
109
288 289 290 291 292 
110
293 294 
111
295 296 
112
297 
113
298 299 300 301 
114
302 303 
115
304 305 306 307 308 
116
309 310 311 312 313 314 315 316 317 318 319 
117
320 321 322 323 324 325 326 327 326 328 329 330 330 326 331 332 330 330 333 334 335 336 
118
337 338 
119
339 
120
340 341 
121
342 
122
343 344 
123
345 346 347 
124
348 
125
349 350 351 
126
352 353 
127
354 355 356 357 358 359 360 361 362 
128
363 364 
129
365 
130
366 
131
367 
132
368 
133
369 370 
134
371 372 
135
373 374 
136
375 376 
137
377 378 
138
379 
139
380 381 382 
140
383 384 385 386 387 
141
388 389 
142
390 
143
391 392 393 394 
144
395 
145
396 
146
397 
147
398 
148
399 
149
400 401 402 
150
403 404 405 406 407 
151
408 409 410 
152
411 
153
412 
154
413 
155
414 
156
415 
157
416 
158
417 418 
159
419 
160
420 
161
421 422 
162
423 
163
424 425 426 
164
427 
165
428 429 430 431 
166
432 433 434 
167
435 
168
436 
169
437 
170
438 439 440 
171
441 442 443 
172
444 445 
173
446 
174
447 
175
448 
176
449 450 451 452 453 454 455 456 457 
177
458 
178
459 
179
460 461 
180
462 
181
463 464 
182
465 466 467 
183
468 
184
469 
185
470 
186
471 
187
472 473 
188
474 
189
475 
190
476 477 478 479 480 481 
191
482 483 
192
484 485 
193
486 
194
487 488 489 
195
490 491 
196
492 493 
197
494 495 496 497 
198
498 499 500 501 502 503 504 505 
199
506 507 
200
508 
201
509 510 511 512 513 514 515 516 
202
517 518 519 
203
520 521 522 
204
523 524 
205
525 
206
526 527 528 529 530 531 532 533 534 535 
207
536 
208
537 538 
209
539 540 
210
541 542 543 544 
211
545 546 547 548 
212
549 550 551 552 553 
213
554 555 556 557 558 559 
214
560 561 562 563 564 565 566 
215
567 568 
216
569 
217
570 571 
218
572 573 
219
574 575 576 577 
220
578 579 580 
221
581 582 583 
222
584 585 586 
223
587 588 589 590 591 592 
224
593 594 
225
595 596 
226
597 598 599 
227
600 601 602 603 604 
228
605 
229
606 607 608 609 610 
230
611 612 613 614 
231
615 616 
232
617 618 
233
619 
234
620 
235
621 622 623 624 625 
236
626 627 628 629 630 631 632 633 
237
634 635 
238
636 
239
637 638 639 
240
640 641 642 
241
643 644 645 646 
242
647 
243
648 
244
649 
245
650 651 652 653 
246
654 
247
655 
248
656 657 
249
658 
250
659 660 
251
661 
252
662 
253
663 664 
254
665 666 
255
667 668 
256
669 
257
670 671 672 
258
673 674 
259
675 676 
260
677 
261
678 
262
679 
263
680 681 
264
682 683 
265
684 685 
266
686 687 
267
688 689 
268
690 
269
691 692 693 
270
694 695 
271
696 697 698 699 
272
700 701 
273
702 703 
274
704 705 
275
706 707 708 
276
709 710 
277
711 712 713 714 
278
715 716 717 718 
279
719 720 721 
280
722 
281
723 
282
724 725 
283
726 
284
727 
285
728 729 
286
730 731 
287
732 
288
733 734 
289
735 
290
736 
291
737 
292
738 739 740 741 742 
293
743 
294
744 745 746 
295
747 
296
748 
297
749 
298
750 751 
299
752 753 
300
754 
301
755 756 757 758 
302
759 760 761 762 763 764 
303
765 
304
766 
305
767 
306
768 
307
769 770 
308
771 772 
309
773 
310
774 
311
775 776 
312
777 778 779 
313
780 
314
781 
315
782 783 
316
784 785 786 
317
787 788 
318
789 790 791 
319

320
792 
321

322

323

324

325

326
793 794 
327

328

329

330
795 796 
331
797 798 
332
799 800 
333
801 802 803 804 805 806 807 
334
808 809 810 811 812 813 814 815 816 817 818 819 
335
820 821 822 823 
336
824 825 
337
826 827 
338
828 829 830 831 832 833 834 835 836 
339
837 838 839 840 841 842 843 844 845 
340
846 847 848 
341
849 850 851 
342
852 853 854 
343
855 
344
856 857 
345
858 
346
859 860 861 862 863 
347
864 865 
348
866 
349
867 868 
350
869 870 871 
351
872 873 
352
874 875 
353
876 877 878 879 880 881 
354
882 883 884 885 
355
886 887 
356
888 889 890 891 892 893 894 
357
895 896 
358
897 898 
359
899 900 901 
360
902 
361
903 904 905 
362
906 
363
907 
364
908 
365
909 
366
910 911 
367
912 913 914 
368
915 916 
369
917 
370
918 919 920 921 922 923 924 925 926 927 928 929 930 931 932 933 
371
934 
372
935 
373
936 937 938 939 940 941 942 943 
374
944 
375
945 
376
946 
377
947 
378
948 
379
949 
380
950 
381
951 952 953 
382
954 
383
955 
384
956 
385
957 958 959 960 961 962 
386
963 964 
387
965 966 967 968 969 970 971 972 973 
388
974 
389
975 976 977 978 
390
979 980 
391
981 982 983 984 985 986 987 
392
988 
393
989 990 
394
991 992 993 994 
395
995 996 997 998 999 
396
1000 1001 
397
1002 1003 
398
1004 1005 1006 1007 1008 1009 1010 1011 1012 1013 1014 1015 
399
1016 1017 1018 
400
1019 
401
1020 
402
1021 1022 1023 1024 1025 1026 
403
1027 
404
1028 1029 1030 
405
1031 
406
1032 1033 
407
1034 1035 
408
1036 1037 1038 
409
1039 
410
1040 
411
1041 1042 
412
1043 1044 1045 
413
1046 
414
1047 1048 
415
1049 
416
1050 
417
1051 
418
1052 1053 
419
1054 1055 
420
1056 
421
1057 1058 
422
1059 1060 
423
1061 
424
1062 1063 
425
1064 
426
1065 1066 1067 1068 1069 1070 1071 
427
1072 1073 
428
1074 1075 
429
1076 
430
1077 1078 
431
1079 1080 1081 
432
1082 
433
1083 1084 
434
1085 
435
1086 1087 1088 1089 
436
1090 
437
1091 
438
1092 1093 1094 
439
1095 1096 
440
1097 
441
1098 1099 1100 
442
1101 
443
1102 1103 1104 
444
1105 1106 
445
1107 1108 
446
1109 1110 1111 
447
1112 1113 
448
1114 1115 
449
1116 
450
1117 
451
1118 1119 1120 1121 
452
1122 
453
1123 
454
1124 
455
1125 1126 1127 
456
1128 1129 1130 1131 1132 
457
1133 
458
1134 
459
1135 1136 
460
1137 1138 1139 
461
1140 
462
1141 1142 1143 
463
1144 1145 
464
1146 
465
1147 
466
1148 
467
1149 1150 
468
1151 1152 1153 
469
1154 1155 1156 
470
1157 1158 1159 1160 1161 1162 
471
1163 1164 
472
1165 1166 1167 1168 
473
1169 1170 
474
1171 1172 1173 1174 1175 
475
1176 
476
1177 1178 1179 1180 1181 
477
1182 
478
1183 
479
1184 1185 1186 1187 
480
1188 
481
1189 
482
1190 
483
1191 
484
1192 
485
1193 
486
1194 
487
1195 1196 
488
1197 
489
1198 1199 
490
1200 1201 
491
1202 1203 
492
1204 1205 
493
1206 
494
1207 1208 1209 1210 1211 1212 1213 1214 
495
1215 1216 1217 
496
1218 1219 1220 1221 
497
1222 1223 
498
1224 1225 
499
1226 
500
1227 1228 1229 
501
1230 
502
1231 
503
1232 
504
1233 1234 1235 
505
1236 1237 1238 
506
1239 
507
1240 1241 
508
1242 
509
1243 1244 
510
1245 
511
1246 1247 1248 
512
1249 
513
1250 1251 1252 1253 1254 
514
1255 1256 1257 1258 
515
1259 1260 1261 1262 1263 
516
1264 1265 1266 1267 
517
1268 1269 
518
1270 
519
1271 
520
1272 
521
1273 
522
1274 
523
1275 1276 
524
1277 1278 1279 
525
1280 1281 
526
1282 
527
1283 1284 
528
1285 
529
1286 1287 1288 1289 
530
1290 1291 1292 1293 
531
1294 
532
1295 1296 1297 
533
1298 
534
1299 1300 1301 1302 1303 
535
1304 1305 1306 
536
1307 1308 
537
1309 
538
1310 
539
1311 
540
1312 1313 
541
1314 
542
1315 1316 
543
1317 1318 1319 1320 1321 1322 1323 1324 
544
1325 1326 
545
1327 
546
1328 1329 1330 1331 1332 
547
1333 1334 
548
1335 1336 
549
1337 
550
1338 
551
1339 1340 1341 
552
1342 1343 
553
1344 
554
1345 1346 
555
1347 
556
1348 1349 
557
1350 
558
1351 1352 
559
1353 
560
1354 
561
1355 1356 1357 1358 1359 1360 
562
1361 1362 
563
1363 1364 1365 
564
1366 
565
1367 1368 1369 1370 1371 1372 
566
1373 1374 1375 1376 1377 1378 1379 1380 1381 1382 1383 1384 
567
1385 1386 1387 1388 1389 
568
1390 1391 
569
1392 
570
1393 1394 
571
1395 
572
1396 
573
1397 
574
1398 
575
1399 
576
1400 
577
1401 
578
1402 1403 1404 1405 1406 1407 1408 1409 
579
1410 
580
1411 1412 
581
1413 
582
1414 1415 
583
1416 1417 
584
1418 
585
1419 1420 
586
1421 
587
1422 
588
1423 
589
1424 1425 
590
1426 1427 
591
1428 1429 
592
1430 1431 
593
1432 1433 
594
1434 1435 1436 1437 
595
1438 
596
1439 1440 
597
1441 
598
1442 
599
1443 
600
1444 
601
1445 
602
1446 
603
1447 
604
1448 
605
1449 1450 1451 1452 
606
1453 
607
1454 1455 1456 1457 1458 
608
1459 1460 1461 1462 1463 1464 
609
1465 
610
1466 1467 1468 
611
1469 1470 1471 1472 1473 1474 
612
1475 1476 1477 
613
1478 
614
1479 
615
1480 1481 1482 1483 1484 1485 1486 1487 1488 
616
1489 
617
1490 1491 1492 1493 1494 
618
1495 1496 
619
1497 
620
1498 1499 1500 1501 1502 1503 1504 1505 
621
1506 1507 
622
1508 
623
1509 
624
1510 1511 1512 
625
1513 1514 1515 1516 1517 1518 
626
1519 1520 1521 1522 1523 1524 1525 1526 1527 
627
1528 1529 1530 1531 
628
1532 1533 1534 1535 1536 1537 1538 1539 1540 1541 1542 1543 1544 1545 
629
1546 1547 1548 1549 1550 1551 
630
1552 1553 1554 1555 1556 1557 1558 1559 1560 
631
1561 1562 1563 
632
1564 1565 1566 1567 1568 1569 1570 1571 
633
1572 
634
1573 1574 
635
1575 1576 1577 1578 1579 1580 1581 
636
1582 1583 
637
1584 1585 1586 1587 1588 1589 1590 1591 1592 1593 1594 1595 
638
1596 1597 1598 1599 1600 
639
1601 1602 1603 1604 1605 
640
1606 1607 1608 1609 1610 1611 
641
1612 1613 1614 1615 1616 1617 1618 1619 1620 
642
1621 1622 
643
1623 1624 
644
1625 1626 1627 
645
1628 1629 
646
1630 1631 1632 
647
1633 
648
1634 1635 1636 
649
1637 1638 1639 
650
1640 1641 1642 1643 1644 1645 1646 1647 1648 1649 1650 1651 1652 1653 
651
1654 1655 
652
1656 1657 
653
1658 
654
1659 
655
1660 
656
1661 
657
1662 
658
1663 
659
1664 1665 1666 1667 
660
1668 
661
1669 1670 
662
1671 1672 
663
1673 
664
1674 
665
1675 
666
1676 
667
1677 1678 
668
1679 1680 1681 1682 
669
1683 
670
1684 
671
1685 1686 1687 1688 1689 1690 1691 1692 1693 1694 
672
1695 1696 
673
1697 1698 
674
1699 1700 
675
1701 
676
1702 1703 1704 
677
1705 1706 
678
1707 
679
1708 
680
1709 1710 
681
1669 
682
1711 1712 
683
1713 1714 1144 
684
1676 
685
1715 
686
1716 
687
1717 
688
1718 
689
1719 
690
1720 1721 1722 
691
1723 1724 1725 1726 
692
1727 
693
1728 1729 
694
1730 1731 1732 1733 
695
1734 1735 
696
1736 
697
1737 
698
1738 
699
1739 1740 
700
1741 1742 
701
1743 
702
1744 1745 
703
1746 1747 1748 
704
1749 1750 1751 
705
1752 1753 1754 
706
1755 
707
1756 1757 1758 1759 1760 
708
1761 
709
1762 1763 
710
1764 1765 1766 
711
1767 
712
1768 1769 
713
1770 
714
1771 1772 1773 1774 1775 
715
1776 
716
1777 1778 
717
1779 
718
1780 
719
1781 
720
1782 
721
1783 
722
1784 
723
1785 
724
1786 
725
1787 
726
1788 
727
1789 
728
1790 1791 1792 
729
1793 
730
1794 1795 1796 1797 
731
1798 
732
1799 1800 1801 1802 
733
1803 1804 
734
1805 
735
1806 
736
1807 1808 1809 
737
1810 1811 1812 
738
1813 
739
1814 1815 1816 1817 1818 
740
304 
741
1819 1820 1821 
742
1822 1823 
743
1824 
744
1825 1826 
745
1827 
746
1828 1829 
747
1830 
748
1831 
749
1832 
750
1833 
751
1834 
752
1835 1836 1837 
753
1838 
754
1839 
755
1840 1841 
756
1842 1843 1844 
757
1845 1846 
758
1847 
759
1848 1849 
760
1850 
761
1851 
762
1852 
763
1853 
764
1854 
765
1855 
766
1856 
767
1857 
768
1858 
769
1859 1860 
770
1861 
771
1862 1863 1864 
772
1865 1866 1867 
773
1868 
774
1869 1870 1871 
775
1872 
776
1873 1874 1875 
777
1876 
778
1877 1878 
779
1879 
780
1880 1881 1882 1883 1884 
781
1885 
782
1886 
783
1887 
784
1888 
785
1889 
786
1890 1891 
787
1892 
788
1893 
789
1894 
790
1895 
791
1896 
792
1897 
793
1898 
794
1899 1900 
795
1901 1902 
796
1903 
797
1904 
798
1905 1906 1907 
799
1908 1909 1910 
800
1911 1912 
801
1913 
802
1914 1915 
803
1916 1917 1918 
804
1919 
805
1920 
806
1921 
807
1922 
808
1923 
809
1924 
810
1925 1926 
811
1927 1928 1929 1930 
812
1931 1932 1933 1934 
813
1935 
814
1936 
815
1937 
816
1938 1939 1940 
817
1941 1942 
818
1943 1944 1945 1946 
819
1947 
820
1948 1949 
821
1950 
822
1951 
823
1952 1953 
824
1954 1955 1956 1957 
825
1958 
826
1959 1960 
827
1961 1962 1963 
828
1964 
829
1965 
830
1966 1967 
831
1968 1969 1970 1971 
832
1972 1973 1974 1975 1976 
833
1977 1978 
834
1979 
835
1980 
836
1981 
837
1982 1983 
838
1984 
839
1985 1986 1987 1988 
840
1989 1990 1991 1992 
841
1993 1994 1995 
842
1996 1997 1998 
843
1999 
844
2000 2001 2002 2003 
845
2004 2005 2006 2007 
846
2008 2009 
847
2010 2011 2012 2013 2014 2015 
848
2016 
849
2017 2018 
850
2019 
851
2020 
852
2021 
853
2022 2023 
854
2024 
855
2025 2026 
856
2027 
857
2028 
858
2029 2030 
859
2031 
860
2032 
861
2033 
862
2034 2035 
863
2036 
864
2037 
865
2038 
866
2039 2040 2041 
867
2042 
868
2043 2044 
869
2045 
870
2046 
871
2047 
872
2048 
873
2049 
874
2050 
875
2051 
876
2052 
877
2053 
878
2054 2055 
879
2056 
880
2057 
881
2058 
882
2059 
883
2060 2061 
884
2062 2063 2064 2065 
885
2066 2067 2068 
886
2069 2070 2071 
887
2072 2073 
888
2074 2075 
889
2076 
890
2077 
891
1894 2078 2079 
892
2080 2081 
893
2082 
894
2083 
895
2084 2085 2086 
896
2087 
897
2088 
898
2089 
899
2090 2091 
900
2092 2093 2094 
901
2095 
902
2096 
903
2097 2098 
904
2099 
905
2100 
906
2101 2102 
907
2103 2104 2105 2106 
908
2107 
909
2108 2109 
910
2110 2111 2112 
911
2113 2114 
912
2115 
913
2116 2117 2118 2119 2120 2121 2122 
914
2123 2124 
915
2125 
916
2126 
917
2127 2128 
918
2129 2130 2131 2132 2133 2134 2135 2136 2137 2138 
919
2139 
920
2140 2141 2142 
921
2143 
922
2144 
923
2145 
924
2146 
925
2147 2148 
926
2149 
927
2150 
928
2151 2152 2153 
929
2154 2155 2156 2157 
930
2158 
931
2159 2160 
932
2161 2162 
933
2163 
934
2164 2165 2166 
935
2167 
936
2168 2169 
937
2170 
938
2171 
939
2172 
940
2173 
941
2174 2175 
942
2176 
943
2177 2178 
944
2179 
945
2180 
946

947
2181 2182 
948
2183 2184 
949
2185 2186 2187 2188 
950
2189 
951
2190 
952
2191 
953
2192 
954
2193 
955
2194 2195 2196 
956
2197 
957
2198 2199 
958
2200 
959
2201 
960
2202 2203 
961
2204 2205 2206 2207 
962
2208 2209 2210 
963
2211 2212 
964
2213 2214 2215 2216 
965
2217 2218 2219 
966
2220 2221 
967
2222 
968
2223 2224 2225 
969
2226 
970
2227 
971
2228 
972
266 
973
2229 
974
2230 
975
2231 
976
2232 2233 
977
2234 2235 2234 2235 
978
2236 
979
2237 
980
2238 
981
2239 
982
2240 
983
2241 
984
2242 
985
2243 
986
2244 2245 2246 2247 2248 2249 
987
2250 
988
2251 2252 
989
2253 
990
2254 2255 
991
2256 
992
2257 
993
2258 2259 
994
2260 
995
2261 2262 2263 
996
2264 2265 
997
2266 
998
2267 
999
2268 
1000
2269 
1001
2270 
1002
2271 2272 
1003
2273 2274 
1004
2275 
1005
2276 
1006
2277 2278 
1007
2279 
1008
2280 
1009
2281 
1010
1717 
1011
2282 2283 2284 
1012
2285 
1013
2286 2287 
1014
2288 2289 
1015
2290 
1016
2291 2292 
1017
2293 
1018
2294 
1019
2295 2296 
1020
2297 
1021
2298 2299 
1022
2300 
1023
2301 
1024
2302 2303 2304 
1025
2305 2306 
1026
2307 2308 
1027
2309 
1028
2310 
1029
2311 
1030
2312 2313 
1031
2314 2315 2316 
1032
2317 
1033
2318 2319 
1034
2320 
1035
2321 
1036
2322 
1037
2323 2324 
1038
2325 2326 
1039
2327 
1040
2328 2329 2330 
1041
2331 2332 
1042
2333 
1043
2334 
1044
2335 
1045
2336 2337 
1046
2338 2339 
1047
2340 2341 2342 2343 
1048
2344 
1049
2345 
1050
2346 2347 
1051
2348 
1052
2349 2350 2351 2352 
1053
2353 2354 
1054
2355 2356 
1055
2357 
1056
2358 2359 
1057
2360 2361 
1058
2362 
1059
2363 2364 
1060
2365 2366 
1061
2367 2368 
1062
2369 
1063
2370 
1064
2371 
1065
2372 
1066
2373 2374 
1067
2375 2376 2377 2378 2379 
1068
2380 2381 
1069
2382 2383 2384 
1070
2385 2386 2387 2388 2389 2390 2391 2392 2393 
1071
2394 2395 
1072
2396 2397 2398 
1073
2399 
1074
2400 
1075
2401 2402 
1076
2403 
1077
2404 2405 
1078
2406 2407 2408 2409 
1079
2410 1729 2411 2412 2413 
1080
2414 2415 2416 2417 2418 
1081
2419 
1082
2420 2421 2422 2423 
1083
2424 
1084
2425 
1085
2426 2427 2428 2429 2430 
1086
2431 2432 2433 
1087
2434 
1088
2435 
1089
2436 2437 2438 2439 2440 
1090
2441 2442 
1091

1092
2443 2444 2445 
1093
2446 
1094
2447 2448 2449 
1095
2450 2451 
1096
2452 2453 
1097
2454 2455 2456 2457 2458 
1098
2459 
1099
2460 
1100
2461 
1101
2462 
1102
2463 
1103
2464 2465 2466 2467 2468 2469 2470 
1104
2471 
1105
2472 2473 
1106
2474 
1107
2475 
1108
2476 
1109
2477 
1110
2478 
1111
2479 2480 2481 
1112
2482 
1113
2483 
1114
2484 2485 
1115
2486 
1116
2487 
1117
2488 
1118
2489 2490 
1119
2491 2492 
1120
2493 2494 2495 2496 2497 2498 
1121
2499 2500 2501 2502 2503 2504 
1122
2505 
1123
2506 
1124
2507 
1125
2508 
1126
2509 
1127
2510 2511 
1128
2512 2513 
1129
2514 
1130
2509 
1131
2515 
1132
2516 
1133
2517 
1134
2518 
1135
2519 2520 1721 1722 
1136
2521 2522 
1137
2523 
1138
184 2524 2525 2526 
1139
2527 2528 
1140
2529 2530 2531 2532 
1141
2533 2534 
1142
2535 2536 2537 
1143
2538 2539 2540 2541 2542 
1144
2543 2544 2545 2546 
1145
2547 
1146
2548 2549 2550 
1147
2551 2552 2553 2554 
1148
2555 2556 
1149
2557 2558 
1150
2559 
1151
2560 
1152
2561 
1153
2562 2563 
1154
2564 
1155
2565 
1156
2566 2567 
1157
2568 2569 
1158
2570 
1159
2571 
1160
2572 
1161
2573 2574 
1162
2575 
1163
2576 
1164
2577 
1165
2578 2579 2580 2581 
1166
2582 2583 2584 2585 2586 
1167
2587 
1168
2588 
1169
2589 
1170
2590 2591 
1171
2592 
1172
2593 
1173
2594 2595 2596 2597 
1174
2598 
1175
2599 
1176
2600 2601 
1177
2602 
1178
2603 
1179
2604 
1180
2605 
1181
2606 2607 
1182
2608 
1183
2609 2610 
1184
2611 
1185
2612 
1186
2613 2614 
1187
2615 
1188
2616 2617 
1189
2618 
1190
2619 
1191
2620 2621 2622 
1192
2623 2624 
1193
2625 
1194
2626 2627 2628 
1195
2629 2630 2631 2632 
1196
2633 
1197
2634 2635 2636 2637 
1198

1199
2638 2639 
1200
2640 
1201
2641 
1202
2642 2643 2644 
1203
2645 2646 2647 
1204
2648 2649 
1205
2650 
1206
2651 2652 2653 2654 
1207
2655 2656 2657 2658 2659 
1208
2660 
1209
2661 2662 2663 
1210
2664 2665 
1211
2666 2667 
1212
2668 
1213
2669 2670 
1214
2671 2672 
1215
2673 
1216
2674 
1217
2675 2676 
1218
2677 2678 
1219
2679 
1220
2680 2681 2682 2683 
1221
2684 
1222
2685 2686 2687 
1223
2688 
1224
2689 2690 2691 2692 2693 2694 2695 2696 2693 2697 2698 2699 2700 
1225
2701 
1226
2702 
1227
2703 2704 
1228
2705 2706 2707 
1229
2708 2709 
1230
2710 
1231
2711 2712 
1232
2713 2714 2715 2716 
1233
2717 2718 2719 
1234
2720 
1235
2721 2722 
1236
2723 2724 2725 2726 2727 2728 
1237
2729 
1238
2730 
1239
2731 2732 2733 2734 
1240
2735 
1241
2736 2737 
1242
2738 
1243
2739 2740 2741 2742 2743 2744 
1244
2745 2746 
1245
2747 
1246
2748 2749 2750 2751 
1247
2752 2753 2754 2755 
1248
2756 2757 2758 2759 2760 2761 2762 2763 2764 2765 2766 2767 2768 2769 2770 2771 2772 2773 2774 
1249
2775 
1250
2776 
1251
907 2777 2778 2779 
1252
2780 
1253
2781 2782 
1254
2783 2784 
1255
2785 2786 2787 2788 2789 2790 2791 2792 2793 2794 2795 2796 
1256
2797 2798 
1257
2799 2800 2801 2802 
1258
2803 2804 2805 
1259
2806 
1260
2807 2808 2809 
1261
2810 2811 2812 2813 2814 2815 2816 2817 2818 2819 2820 2821 
1262
2822 2823 2824 
1263
2825 
1264
2826 2827 2828 2829 2830 
1265
2831 
1266
2832 
1267
2833 
1268
2834 2835 2836 
1269
2837 
1270
2838 
1271
2839 
1272
2840 
1273
2841 2842 
1274
2843 
1275
2844 
1276
2845 2846 2847 
1277
2848 2849 
1278
2850 
1279
2851 
1280
2852 2853 2854 2855 
1281
2856 2857 2858 
1282
2859 2860 
1283
2861 
1284
2862 2863 
1285
2864 2865 2866 
1286
2867 2868 
1287
2869 2870 2871 2872 2873 2874 
1288
2875 2876 
1289
2877 
1290
2878 
1291
2879 2880 
1292
2881 2882 
1293
2883 
1294
2884 
1295
2885 
1296
2886 2887 2888 2889 2890 2891 2892 2893 2894 2895 
1297
2896 
1298
2897 2898 2899 2900 2901 
1299
2902 
1300
2903 
1301
2904 2905 2906 2907 2908 2909 
1302
2910 2911 
1303
2912 2913 2914 
1304
2915 
1305
2916 
1306
2917 2918 2919 
1307
2920 2921 
1308
2922 
1309
2923 
1310
2924 
1311
2925 
1312
2926 2927 2928 
1313
2929 
1314
2930 
1315
2931 
1316
2932 
1317
2933 2934 2935 
1318
2936 2937 
1319
2938 2939 
1320
2940 2941 2942 
1321
2943 2944 
1322
2945 2946 2947 
1323
2948 2949 
1324
2950 2951 2952 2953 
1325
2954 2955 2956 2957 
1326
2958 2959 
1327
2960 
1328
2961 
1329
2962 
1330
2963 2964 
1331
2965 
1332
2966 2967 2968 
1333
2969 2970 
1334
2971 2972 
1335
2973 2974 
1336
2975 
1337
2976 2977 2978 
1338
2979 2980 
1339
2981 2982 2983 
1340
2984 2985 2986 2987 
1341
2988 
1342
2989 2990 2991 2992 2993 2994 2995 2996 
1343
2997 
1344
2998 2999 
1345
3000 3001 3002 3003 3004 3005 
1346
261 3006 3007 
1347
3008 3009 
1348
3010 
1349
3011 3012 3013 3014 
1350
3015 3016 3017 
1351
3018 
1352
3019 3020 3021 3022 3023 
1353
3024 
1354
3025 3026 3027 
1355
3028 
1356
3029 
1357
3030 
1358
3031 
1359
3032 
1360
3033 3034 3035 
1361
3036 3037 3038 3039 3040 
1362
3041 3042 
1363
3043 3044 
1364
3045 3046 3047 
1365
3048 3049 
1366
3050 
1367
3051 
1368
3052 3053 3054 
1369
3055 3056 3057 3058 3059 
1370
3060 3061 
1371
3062 
1372
3063 3064 3065 3066 
1373
3067 
1374
3068 
1375
3069 
1376
3070 3071 3072 3073 3074 3075 3076 3077 3078 3079 3080 3081 3082 3083 3084 3085 3086 3087 3088 3089 3090 3091 3092 3093 3094 3095 3096 3097 3098 
1377
3099 
1378
3100 
1379
3101 
1380
3102 3103 
1381
3104 
1382
3105 
1383
3106 
1384
3107 3108 
1385
3109 
1386
3110 
1387
3111 
1388
3112 3113 3114 3115 3116 3117 3118 3119 3120 3121 3122 3123 3124 3125 3126 3127 3128 
1389
3129 
1390
3130 3131 3132 
1391
3133 
1392
3134 
1393
3135 
1394
3136 3137 
1395
3138 
1396
3139 
1397
3140 
1398
3141 3142 
1399
3143 3144 
1400
3145 
1401
3146 
1402
3147 
1403
3148 
1404
3149 3150 3151 
1405
3152 
1406
3153 
1407
3154 3155 3156 3157 3158 3159 3160 3161 3162 3163 3164 3165 3166 3167 
1408
3168 
1409
3169 
1410
3170 3171 3172 3173 3174 3175 3176 3177 3178 3179 3180 3181 3182 3183 3184 3185 3186 3187 3188 3189 3190 
1411
3191 3192 
1412
3193 3194 
1413
3195 
1414
3196 3197 3198 
1415
3199 
1416
3200 3201 
1417
3202 
1418
3203 
1419
3204 3205 
1420
3206 3207 3208 
1421
3209 
1422
3210 
1423
3211 3212 
1424
3213 
1425
3214 
1426
3215 
1427
3216 3217 3218 3219 3220 3221 
1428
3222 
1429
3223 
1430
3224 
1431
3225 
1432
3226 3227 3228 
1433
3229 3230 3231 3232 3233 3234 
1434
3235 3236 3237 3238 3239 3240 
1435
3241 3242 
1436
3243 3244 3245 3246 3247 3248 3249 3250 3251 
1437
3252 3253 3254 3255 3256 3257 3258 
1438
3259 3260 3261 3262 3263 3264 3265 3266 3267 3268 3269 
1439
3270 3271 3272 
1440
3273 3274 
1441
3275 3276 
1442
3277 3278 3279 3280 3281 3282 
1443
3283 3284 
1444
3285 3286 3287 
1445
3288 3289 3290 3291 3292 3293 3294 3295 
1446
3296 
1447
3297 3298 
1448
3299 3300 
1449
3301 3302 
1450
3303 3304 3305 
1451
3306 3307 3308 3309 3310 
1452
3311 3312 3313 3314 3315 3316 3317 3318 3319 3320 3321 3322 3323 3324 3325 3326 3327 3328 
1453
3329 
1454
3330 3331 
1455
3332 3333 3334 3335 3336 3337 3338 3339 3340 3341 3342 3343 3344 3345 3346 3347 3348 3349 3350 3351 3352 3353 3354 3355 3356 3357 3358 3359 3360 3361 3362 3363 3364 3365 3366 3367 3368 3369 3370 3371 3372 
1456
3373 3374 
1457
3375 3376 3377 3378 3379 3380 3381 3382 3383 3384 3385 3386 
1458
3387 3388 3389 3390 
1459
3391 
1460
3392 3393 
1461
3394 
1462
3395 
1463
3396 3397 3398 3399 3400 3401 3402 
1464
3403 3404 3405 3406 
1465
3407 3408 3409 3410 3411 3412 3413 3414 3415 3416 3417 
1466
3418 
1467
3419 
1468
3420 3421 
1469
3422 3423 3424 
1470
3425 3426 3427 3428 3429 3430 3431 
1471
3432 3433 
1472
3434 3435 3436 3437 
1473
3438 
1474
3439 
1475
3440 
1476
3441 3442 
1477
3443 
1478
3444 3445 3446 3447 3448 3449 3450 3451 
1479
3452 3453 3454 3455 
1480
3456 3457 
1481
3458 3459 
1482
3460 
1483
3461 3462 
1484
3463 
1485
3464 
1486
3465 3466 
1487
3467 
1488
3468 
1489
3469 
1490
3470 3471 3472 3473 3474 3475 3476 3477 3478 3479 3480 
1491
3481 3482 3483 3484 3485 3486 3487 3488 
1492
3489 3490 
1493
3491 
1494
3492 
1495
3493 3494 
1496
3495 
1497
3496 
1498
3497 
1499
3498 3499 3500 3501 3502 
1500
3503 3504 
1501
3505 3506 3507 
1502
3508 3509 
1503
3510 
1504
3511 
1505
3512 3513 3514 
1506
3515 3516 
1507
3517 3518 3519 
1508
3520 
1509
3521 
1510
3522 
1511
3523 
1512
3524 
1513
3525 3526 
1514
3527 
1515
3528 3529 
1516
3530 
1517
3531 3532 3533 3534 
1518
3535 3536 
1519
3537 3538 3539 
1520
3540 3541 
1521
3542 
1522
3543 
1523
3544 3545 
1524
3546 3547 3548 
1525
3549 3550 
1526
3551 
1527
3552 
1528
3553 3554 
1529
3555 
1530
3556 
1531
3557 3558 
1532
3559 
1533
3560 3561 
1534
3562 3563 
1535
3564 3565 
1536
3566 
1537
3567 3568 
1538
3569 3570 
1539
3571 
1540
3572 3573 
1541
3574 
1542
3575 3576 
1543
3577 3578 3579 3580 3581 
1544
3582 3583 3584 
1545
3585 3586 3587 3588 3589 
1546
3590 
1547
3591 3592 3593 3594 3595 3596 3597 3598 3599 3600 
1548
3601 3602 
1549
3603 3604 
1550
3605 3606 
1551
3607 3608 3609 3610 
1552
3611 3612 
1553
3613 3614 
1554
3615 3616 3617 3618 3619 3620 3621 3622 3623 3624 
1555
3625 
1556
3626 
1557
3627 
1558
3628 3629 
1559
3630 
1560
3631 
1561
3632 3633 
1562
3634 3635 
1563
3636 
1564
3637 3638 3639 3640 3641 
1565
3642 3643 3644 3645 3646 3647 3648 
1566
3649 
1567
3650 3651 3652 3653 3654 3655 
1568
3656 3657 
1569
3658 
1570
3659 3660 
1571
3661 3662 
1572
3663 
1573
3664 3665 
1574
3666 
1575
3667 3668 
1576
3669 3670 
1577
3671 3672 
1578
3673 3674 3675 3676 3677 3678 
1579
3679 
1580
3680 3681 3682 
1581
3683 3684 3685 3686 
1582
3687 3688 
1583
3689 1349 
1584
3690 3691 
1585
3692 
1586
3693 3694 3695 
1587
3696 3697 
1588
3698 3699 
1589
3700 3701 3702 3703 
1590
3704 3705 
1591
3706 3707 
1592
3708 
1593
3709 
1594
3710 3711 3712 3713 3714 3715 3716 3717 
1595
3718 330 
1596
3719 3720 3721 
1597
3722 3723 
1598
3724 
1599
3725 3726 
1600
3727 3728 
1601
3729 
1602
3730 3731 3732 
1603
3733 3734 3735 
1604
3736 3737 
1605
3738 
1606
3739 
1607
3740 3741 
1608
3742 
1609
3743 3744 3745 3746 
1610
3747 3748 
1611
3749 3750 3751 3752 3753 3754 
1612
3755 3756 
1613
3757 
1614
3758 3759 3760 3761 
1615
3762 3763 3764 3765 3766 3767 
1616
3768 3769 3770 3771 3772 
1617
3773 3774 
1618
3775 
1619
3776 3777 3778 3779 3780 3781 
1620
3782 
1621
3783 
1622
3784 3785 3786 3787 3788 3789 
1623
3790 
1624
3791 3792 
1625
3793 3794 3795 3796 3797 
1626
3798 3799 
1627
3800 3801 
1628
3802 3803 
1629
3804 3805 3806 3807 
1630
3808 3809 3810 3796 3797 
1631
3811 3812 3813 
1632
3814 
1633
3815 
1634
3816 3817 
1635
3818 3819 
1636
3820 3821 
1637
3822 
1638
3823 3824 
1639
3825 
1640
3826 
1641
3827 3828 3829 3830 
1642
3831 3832 
1643
3833 3834 
1644
3835 3836 104 
1645
3837 
1646
3838 
1647
3839 3840 
1648
3841 
1649
3842 
1650
3843 
1651
3844 3845 
1652
3846 3847 
1653
3848 
1654
3849 
1655
3850 3851 
1656
3852 
1657
3853 3854 3855 3856 
1658
3857 
1659
3858 
1660
3859 
1661
3860 3861 
1662
3862 
1663
3863 
1664
3864 
1665
3865 
1666
3866 3867 
1667
3868 
1668
3869 3870 
1669
3871 3872 
1670
3873 
1671
3874 3875 
1672
3876 
1673
3877 
1674
3878 
1675
3879 3880 
1676
3881 
1677
3882 
1678
3883 
1679
3884 
1680
3885 3886 
1681
3887 
1682
3888 
1683
3889 
1684
3890 
1685
3435 3891 
1686
3892 
1687
3893 
1688
3894 3895 3896 3897 3898 
1689
3899 3900 
1690
3901 
1691
3902 
1692
3903 3904 
1693
3905 3906 
1694
3907 3908 
1695
3909 3910 3911 3912 3913 3914 3915 3916 3917 3918 
1696
3919 3920 
1697
3921 
1698
3922 3923 3924 
1699
3925 
1700
3926 3927 3928 
1701
3929 
1702
3930 
1703
3931 3932 3933 3934 
1704
3935 
1705
3936 3937 
1706
3938 3939 3940 
1707
3941 
1708
3942 3943 3944 
1709
3945 
1710
3946 
1711
3947 
1712
3948 3949 
1713
3950 3951 
