0 1 0 0
0 2 1 0
0 3 2 0
0 475 3 0
0 873 4 0
0 1170 5 0
4 5 6 0
6 7 7 0
7 27 8 0
7 137 9 0
8 9 10 0
8 124 11 0
9 701 12 0
10 11 13 0
12 13 14 0
13 28 15 0
13 30 16 0
13 42 17 0
13 294 18 0
14 15 19 0
14 16 20 0
14 877 21 0
15 23 22 0
15 29 23 0
15 33 24 0
15 36 25 0
15 41 26 0
15 46 27 0
15 50 28 0
15 55 29 0
15 69 30 0
15 180 31 0
15 203 32 0
15 406 33 0
15 448 34 0
17 18 35 0
19 20 36 0
20 26 37 0
21 22 38 0
24 25 39 0
31 32 40 0
32 127 41 0
32 146 42 0
34 35 43 0
35 47 44 0
35 508 45 0
36 37 46 0
36 38 47 0
39 40 48 0
42 43 49 0
44 45 50 0
47 48 51 0
47 49 52 0
48 137 53 0
49 794 54 0
50 51 55 0
50 52 56 0
51 1131 57 0
53 54 58 0
55 56 59 0
55 57 60 0
55 58 61 0
55 59 62 0
55 60 63 0
56 69 64 0
56 130 65 0
56 146 66 0
56 179 67 0
56 180 68 0
56 198 69 0
56 203 70 0
56 246 71 0
56 299 72 0
56 914 73 0
56 1014 74 0
56 1062 75 0
56 1124 76 0
60 448 77 0
61 62 78 0
63 64 79 0
65 66 80 0
65 67 81 0
65 68 82 0
66 115 83 0
66 121 84 0
66 246 85 0
66 299 86 0
67 137 87 0
67 734 88 0
68 309 89 0
68 422 90 0
68 468 91 0
68 873 92 0
68 887 93 0
68 1121 94 0
68 1134 95 0
68 1170 96 0
68 1211 97 0
69 70 98 0
69 71 99 0
69 72 100 0
69 73 101 0
71 203 102 0
71 291 103 0
73 243 104 0
74 75 105 0
74 76 106 0
76 701 107 0
77 78 108 0
77 79 109 0
77 80 110 0
77 81 111 0
77 82 112 0
77 83 113 0
82 180 114 0
83 137 115 0
84 85 116 0
84 86 117 0
84 87 118 0
84 88 119 0
84 89 120 0
84 90 121 0
84 91 122 0
84 92 123 0
84 93 124 0
84 94 125 0
84 95 126 0
84 96 127 0
84 97 128 0
84 98 129 0
84 99 130 0
84 100 131 0
84 101 132 0
84 102 133 0
84 103 134 0
84 104 135 0
84 105 136 0
84 106 137 0
84 107 138 0
84 108 139 0
84 109 140 0
84 110 141 0
84 111 142 0
111 203 143 0
111 243 144 0
111 246 145 0
111 339 146 0
111 679 147 0
111 794 148 0
111 887 149 0
111 964 150 0
112 113 151 0
112 114 152 0
115 116 153 0
115 117 154 0
115 118 155 0
116 291 156 0
119 120 157 0
119 448 158 0
119 701 159 0
122 123 160 0
123 508 161 0
124 125 162 0
124 126 163 0
127 128 164 0
127 129 165 0
127 203 166 0
127 679 167 0
128 202 168 0
128 246 169 0
128 291 170 0
129 178 171 0
129 179 172 0
130 131 173 0
130 132 174 0
130 133 175 0
130 134 176 0
132 137 177 0
133 794 178 0
135 136 179 0
136 174 180 0
137 138 181 0
137 139 182 0
137 140 183 0
137 141 184 0
137 142 185 0
137 143 186 0
137 278 187 0
137 305 188 0
137 355 189 0
137 365 190 0
137 475 191 0
137 485 192 0
137 587 193 0
137 588 194 0
137 589 195 0
137 590 196 0
137 591 197 0
137 592 198 0
137 593 199 0
137 594 200 0
137 595 201 0
137 596 202 0
137 597 203 0
137 598 204 0
137 599 205 0
137 600 206 0
137 601 207 0
137 602 208 0
137 603 209 0
137 604 210 0
137 605 211 0
137 606 212 0
137 607 213 0
137 608 214 0
137 609 215 0
137 610 216 0
137 611 217 0
137 612 218 0
137 613 219 0
137 614 220 0
137 615 221 0
137 616 222 0
137 617 223 0
137 618 224 0
137 619 225 0
137 620 226 0
137 621 227 0
137 622 228 0
137 623 229 0
137 624 230 0
137 625 231 0
137 626 232 0
137 627 233 0
137 628 234 0
137 629 235 0
137 630 236 0
137 631 237 0
137 632 238 0
137 633 239 0
137 634 240 0
137 635 241 0
137 636 242 0
137 637 243 0
137 638 244 0
137 639 245 0
137 640 246 0
137 641 247 0
137 642 248 0
137 643 249 0
137 644 250 0
137 645 251 0
137 646 252 0
137 647 253 0
137 648 254 0
137 649 255 0
137 650 256 0
137 651 257 0
137 652 258 0
137 653 259 0
137 654 260 0
137 655 261 0
137 656 262 0
137 657 263 0
137 658 264 0
137 659 265 0
137 660 266 0
137 661 267 0
137 662 268 0
137 663 269 0
137 664 270 0
137 665 271 0
137 666 272 0
137 667 273 0
137 668 274 0
137 669 275 0
137 670 276 0
137 671 277 0
137 672 278 0
137 673 279 0
137 674 280 0
137 675 281 0
137 676 282 0
137 677 283 0
137 678 284 0
142 794 285 0
142 943 286 0
143 324 287 0
144 145 288 0
146 147 289 0
146 148 290 0
146 149 291 0
146 150 292 0
146 151 293 0
146 152 294 0
146 153 295 0
146 154 296 0
146 155 297 0
146 156 298 0
146 157 299 0
146 158 300 0
146 159 301 0
146 160 302 0
146 161 303 0
146 162 304 0
146 163 305 0
146 164 306 0
146 165 307 0
146 166 308 0
146 167 309 0
146 168 310 0
146 169 311 0
146 170 312 0
146 171 313 0
146 172 314 0
146 173 315 0
150 299 316 0
175 176 317 0
175 177 318 0
176 246 319 0
176 294 320 0
176 439 321 0
176 475 322 0
176 517 323 0
176 679 324 0
176 779 325 0
176 794 326 0
176 1109 327 0
176 1276 328 1
176 1316 329 1
176 1479 330 2
177 246 331 0
177 329 332 0
177 339 333 0
177 508 334 0
177 789 335 0
177 793 336 0
177 794 337 0
177 887 338 0
180 181 339 0
180 182 340 0
180 183 341 0
180 184 342 0
180 185 343 0
180 186 344 0
180 187 345 0
180 188 346 0
180 189 347 0
180 190 348 0
180 191 349 0
180 192 350 0
180 193 351 0
180 194 352 0
180 195 353 0
180 196 354 0
180 197 355 0
182 246 356 0
184 203 357 0
188 701 358 0
188 950 359 0
192 246 360 0
193 203 361 0
197 1089 362 0
198 199 363 0
198 200 364 0
198 201 365 0
199 203 366 0
199 448 367 0
203 204 368 0
203 205 369 0
203 206 370 0
203 207 371 0
203 208 372 0
203 209 373 0
203 210 374 0
203 211 375 0
203 212 376 0
203 213 377 0
203 214 378 0
203 215 379 0
203 216 380 0
203 217 381 0
203 218 382 0
203 219 383 0
203 220 384 0
203 221 385 0
203 222 386 0
203 223 387 0
203 224 388 0
203 225 389 0
203 226 390 0
203 227 391 0
203 228 392 0
203 229 393 0
203 230 394 0
203 231 395 0
203 232 396 0
203 233 397 0
203 234 398 0
203 235 399 0
203 236 400 0
203 237 401 0
203 238 402 0
203 239 403 0
203 240 404 0
209 246 405 0
215 288 406 0
217 339 407 0
223 1014 408 0
232 794 409 0
232 950 410 0
232 1062 411 0
235 794 412 0
241 242 413 0
243 244 414 0
243 245 415 0
246 247 416 0
246 248 417 0
246 249 418 0
246 250 419 0
246 251 420 0
246 252 421 0
246 253 422 0
246 254 423 0
246 255 424 0
246 256 425 0
246 257 426 0
246 258 427 0
246 259 428 0
246 260 429 0
246 261 430 0
246 262 431 0
246 263 432 0
246 264 433 0
246 265 434 0
246 266 435 0
246 267 436 0
246 268 437 0
246 269 438 0
246 270 439 0
246 271 440 0
246 272 441 0
246 273 442 0
246 274 443 0
246 275 444 0
246 276 445 0
246 277 446 0
246 278 447 0
246 279 448 0
246 280 449 0
246 281 450 0
246 282 451 0
246 283 452 0
246 284 453 0
246 285 454 0
246 286 455 0
246 287 456 0
255 439 457 0
256 794 458 0
257 378 459 0
264 701 460 0
264 1134 461 0
264 1193 462 0
268 508 463 0
278 701 464 0
284 309 465 0
284 925 466 0
287 439 467 0
288 289 468 0
288 290 469 0
291 292 470 0
291 293 471 0
292 887 472 0
292 1193 473 0
294 295 474 0
294 296 475 0
297 298 476 0
299 300 477 0
299 301 478 0
299 302 479 0
299 303 480 0
299 304 481 0
299 305 482 0
299 306 483 0
299 307 484 0
299 308 485 0
302 309 486 0
302 329 487 0
305 378 488 0
305 794 489 0
309 310 490 0
309 311 491 0
309 312 492 0
309 313 493 0
309 314 494 0
309 315 495 0
309 316 496 0
309 317 497 0
309 318 498 0
309 319 499 0
309 320 500 0
309 321 501 0
309 322 502 0
309 323 503 0
311 378 504 0
323 679 505 0
324 325 506 0
324 326 507 0
324 327 508 0
324 328 509 0
327 448 510 0
327 679 511 0
329 330 512 0
329 331 513 0
329 332 514 0
329 333 515 0
329 334 516 0
332 701 517 0
332 809 518 0
333 950 519 0
335 336 520 0
336 339 521 0
337 338 522 0
338 475 523 0
339 340 524 0
339 341 525 0
339 342 526 0
339 343 527 0
339 344 528 0
339 345 529 0
339 346 530 0
339 347 531 0
339 348 532 0
339 349 533 0
339 350 534 0
339 351 535 0
339 352 536 0
339 353 537 0
339 354 538 0
339 355 539 0
339 356 540 0
339 357 541 0
339 358 542 0
339 359 543 0
339 360 544 0
339 361 545 0
339 362 546 0
339 363 547 0
339 364 548 0
339 365 549 0
339 366 550 0
339 367 551 0
339 368 552 0
339 369 553 0
339 370 554 0
339 371 555 0
339 372 556 0
339 373 557 0
339 374 558 0
339 375 559 0
339 376 560 0
339 377 561 0
342 679 562 0
342 734 563 0
342 794 564 0
350 758 565 0
359 475 566 0
359 1014 567 0
360 679 568 0
360 914 569 0
361 1062 570 0
378 379 571 0
378 380 572 0
378 381 573 0
378 382 574 0
378 383 575 0
378 384 576 0
378 385 577 0
378 386 578 0
378 387 579 0
378 388 580 0
378 389 581 0
378 390 582 0
378 391 583 0
378 392 584 0
378 393 585 0
378 394 586 0
378 395 587 0
378 396 588 0
378 397 589 0
378 398 590 0
378 399 591 0
378 400 592 0
378 401 593 0
378 402 594 0
378 403 595 0
378 404 596 0
378 405 597 0
383 679 598 0
383 982 599 0
387 794 600 0
392 734 601 0
392 794 602 0
392 875 603 0
392 974 604 0
400 754 605 0
400 791 606 0
400 792 607 0
400 793 608 0
406 407 609 0
406 408 610 0
406 409 611 0
406 410 612 0
406 411 613 0
406 412 614 0
406 413 615 0
406 414 616 0
406 415 617 0
406 416 618 0
406 417 619 0
406 418 620 0
408 421 621 0
411 950 622 0
411 1238 623 0
419 420 624 0
421 422 625 0
421 423 626 0
421 424 627 0
421 425 628 0
422 909 629 0
422 1059 630 0
422 1060 631 0
422 1061 632 0
425 758 633 0
425 887 634 0
426 427 635 0
426 428 636 0
426 429 637 0
426 430 638 0
426 431 639 0
426 432 640 0
426 433 641 0
426 434 642 0
426 435 643 0
426 436 644 0
434 679 645 0
434 794 646 0
434 887 647 0
434 1062 648 0
437 438 649 0
439 440 650 0
439 441 651 0
439 442 652 0
439 443 653 0
439 444 654 0
439 445 655 0
439 446 656 0
439 447 657 0
445 701 658 0
447 925 659 0
448 449 660 0
448 450 661 0
448 451 662 0
448 452 663 0
448 453 664 0
448 454 665 0
448 455 666 0
448 456 667 0
448 457 668 0
448 458 669 0
448 459 670 0
448 460 671 0
448 461 672 0
448 462 673 0
448 463 674 0
448 464 675 0
448 465 676 0
448 466 677 0
448 467 678 0
448 468 679 0
448 469 680 0
448 470 681 0
448 471 682 0
448 472 683 0
448 473 684 0
448 474 685 0
453 1479 686 2
465 794 687 0
468 701 688 0
468 875 689 0
468 925 690 0
468 939 691 0
468 977 692 0
468 978 693 0
475 476 694 0
475 477 695 0
475 478 696 0
475 479 697 0
475 480 698 0
475 481 699 0
475 482 700 0
475 483 701 0
475 484 702 0
475 485 703 0
475 486 704 0
475 487 705 0
475 488 706 0
475 489 707 0
475 490 708 0
475 491 709 0
475 492 710 0
475 493 711 0
475 494 712 0
475 495 713 0
475 496 714 0
475 497 715 0
475 498 716 0
475 499 717 0
475 500 718 0
475 501 719 0
475 502 720 0
475 503 721 0
475 504 722 0
475 505 723 0
475 506 724 0
475 507 725 0
475 517 726 0
476 1089 727 0
480 1089 728 0
481 679 729 0
481 734 730 0
481 758 731 0
508 509 732 0
508 510 733 0
508 511 734 0
508 512 735 0
508 513 736 0
508 514 737 0
508 515 738 0
508 516 739 0
516 979 740 0
517 518 741 0
517 519 742 0
517 520 743 0
517 521 744 0
517 522 745 0
517 523 746 0
517 524 747 0
517 525 748 0
517 526 749 0
517 527 750 0
517 528 751 0
517 529 752 0
517 530 753 0
517 531 754 0
517 532 755 0
517 533 756 0
517 534 757 0
517 535 758 0
517 536 759 0
517 537 760 0
517 538 761 0
517 539 762 0
517 540 763 0
517 541 764 0
517 542 765 0
517 543 766 0
517 544 767 0
517 545 768 0
517 546 769 0
517 547 770 0
517 548 771 0
517 549 772 0
517 550 773 0
517 551 774 0
517 552 775 0
517 553 776 0
517 554 777 0
517 555 778 0
517 556 779 0
517 557 780 0
517 558 781 0
517 559 782 0
517 560 783 0
517 561 784 0
517 562 785 0
517 563 786 0
517 564 787 0
517 565 788 0
517 566 789 0
517 567 790 0
517 568 791 0
517 569 792 0
517 570 793 0
517 571 794 0
517 572 795 0
517 573 796 0
517 574 797 0
517 575 798 0
517 576 799 0
517 577 800 0
517 578 801 0
517 579 802 0
517 580 803 0
517 581 804 0
517 582 805 0
517 583 806 0
517 584 807 0
517 585 808 0
517 586 809 0
598 873 810 0
598 945 811 0
605 1121 812 0
608 1134 813 0
610 1089 814 0
621 1316 815 1
625 1316 816 1
637 679 817 0
640 701 818 0
648 789 819 0
658 779 820 0
658 899 821 0
658 1124 822 0
658 1222 823 0
658 1230 824 0
669 701 825 0
669 794 826 0
679 680 827 0
679 681 828 0
679 682 829 0
679 683 830 0
679 684 831 0
679 685 832 0
679 686 833 0
679 687 834 0
679 688 835 0
679 689 836 0
679 690 837 0
679 691 838 0
679 692 839 0
679 693 840 0
679 694 841 0
679 695 842 0
679 696 843 0
679 697 844 0
679 698 845 0
679 699 846 0
679 700 847 0
684 794 848 0
687 758 849 0
701 702 850 0
701 703 851 0
701 704 852 0
701 705 853 0
701 706 854 0
701 707 855 0
701 708 856 0
701 709 857 0
701 710 858 0
701 711 859 0
701 712 860 0
701 713 861 0
701 714 862 0
701 715 863 0
701 716 864 0
701 717 865 0
701 718 866 0
701 719 867 0
701 720 868 0
701 721 869 0
701 722 870 0
701 723 871 0
701 724 872 0
701 725 873 0
701 726 874 0
701 727 875 0
701 728 876 0
701 729 877 0
701 730 878 0
701 731 879 0
701 732 880 0
701 733 881 0
709 794 882 0
709 1062 883 0
716 734 884 0
725 887 885 0
725 982 886 0
725 1450 887 2
725 1456 888 2
725 1553 889 2
725 1554 890 2
725 1555 891 2
725 1556 892 2
732 1124 893 0
734 735 894 0
734 736 895 0
734 737 896 0
734 738 897 0
734 739 898 0
734 740 899 0
734 741 900 0
734 742 901 0
734 743 902 0
734 744 903 0
734 745 904 0
734 746 905 0
734 747 906 0
734 748 907 0
734 749 908 0
734 750 909 0
734 751 910 0
734 752 911 0
734 753 912 0
734 754 913 0
734 755 914 0
734 756 915 0
734 757 916 0
748 794 917 0
754 875 918 0
758 759 919 0
758 760 920 0
758 761 921 0
758 762 922 0
758 763 923 0
758 764 924 0
758 765 925 0
758 766 926 0
758 767 927 0
758 768 928 0
758 769 929 0
758 770 930 0
758 771 931 0
758 772 932 0
758 773 933 0
758 774 934 0
758 775 935 0
758 776 936 0
758 777 937 0
758 778 938 0
758 779 939 0
758 780 940 0
758 781 941 0
758 782 942 0
758 783 943 0
758 784 944 0
758 785 945 0
758 786 946 0
758 787 947 0
758 788 948 0
770 887 949 0
779 1089 950 0
779 1117 951 0
779 1118 952 0
779 1119 953 0
779 1120 954 0
779 1237 955 0
780 982 956 0
788 875 957 0
789 790 958 0
791 943 959 0
792 1124 960 0
793 944 961 0
793 1204 962 0
793 1208 963 0
793 1211 964 0
793 1214 965 0
793 1221 966 0
794 795 967 0
794 796 968 0
794 797 969 0
794 798 970 0
794 799 971 0
794 800 972 0
794 801 973 0
794 802 974 0
794 803 975 0
794 804 976 0
794 805 977 0
794 806 978 0
794 807 979 0
794 808 980 0
794 809 981 0
794 810 982 0
794 811 983 0
794 812 984 0
794 813 985 0
794 814 986 0
794 815 987 0
794 816 988 0
794 817 989 0
794 818 990 0
794 819 991 0
794 820 992 0
794 821 993 0
794 822 994 0
794 823 995 0
794 824 996 0
794 825 997 0
794 826 998 0
794 827 999 0
794 828 1000 0
794 829 1001 0
794 830 1002 0
794 831 1003 0
794 832 1004 0
794 833 1005 0
794 834 1006 0
794 835 1007 0
794 836 1008 0
794 837 1009 0
794 838 1010 0
794 839 1011 0
794 840 1012 0
794 841 1013 0
794 842 1014 0
794 843 1015 0
794 844 1016 0
794 845 1017 0
794 846 1018 0
794 847 1019 0
794 848 1020 0
794 849 1021 0
794 850 1022 0
794 851 1023 0
794 852 1024 0
794 853 1025 0
794 854 1026 0
794 855 1027 0
794 856 1028 0
794 857 1029 0
794 858 1030 0
794 859 1031 0
794 860 1032 0
794 861 1033 0
794 862 1034 0
794 863 1035 0
794 864 1036 0
794 865 1037 0
794 866 1038 0
794 867 1039 0
794 868 1040 0
794 869 1041 0
794 870 1042 0
794 871 1043 0
794 872 1044 0
809 978 1045 0
809 1166 1046 0
814 925 1047 0
817 1111 1048 0
825 950 1049 0
835 945 1050 0
869 1131 1051 0
871 914 1052 0
873 874 1053 0
875 876 1054 0
876 945 1055 0
876 997 1056 0
876 1226 1057 0
876 1229 1058 0
877 878 1059 0
877 879 1060 0
877 880 1061 0
877 881 1062 0
877 882 1063 0
877 883 1064 0
884 885 1065 0
884 886 1066 0
887 888 1067 0
887 889 1068 0
887 890 1069 0
887 891 1070 0
887 892 1071 0
887 893 1072 0
887 894 1073 0
887 895 1074 0
887 896 1075 0
887 897 1076 0
887 898 1077 0
887 899 1078 0
887 900 1079 0
887 901 1080 0
887 902 1081 0
887 903 1082 0
887 904 1083 0
887 905 1084 0
887 906 1085 0
887 907 1086 0
887 908 1087 0
887 909 1088 0
887 910 1089 0
887 911 1090 0
887 912 1091 0
904 939 1092 0
904 1062 1093 0
914 915 1094 0
914 916 1095 0
914 917 1096 0
914 918 1097 0
914 919 1098 0
914 920 1099 0
914 921 1100 0
914 922 1101 0
914 923 1102 0
914 924 1103 0
925 926 1104 0
925 927 1105 0
925 928 1106 0
925 929 1107 0
925 930 1108 0
925 931 1109 0
925 932 1110 0
925 933 1111 0
925 934 1112 0
925 935 1113 0
925 936 1114 0
925 937 1115 0
925 938 1116 0
939 940 1117 0
939 941 1118 0
939 942 1119 0
945 946 1120 0
945 947 1121 0
945 948 1122 0
945 949 1123 0
949 1089 1124 0
950 951 1125 0
950 952 1126 0
950 953 1127 0
950 954 1128 0
950 955 1129 0
950 956 1130 0
950 957 1131 0
950 958 1132 0
950 959 1133 0
950 960 1134 0
953 1134 1135 0
961 962 1136 0
961 963 1137 0
963 1134 1138 0
964 965 1139 0
964 966 1140 0
964 967 1141 0
964 968 1142 0
964 969 1143 0
964 970 1144 0
964 971 1145 0
964 972 1146 0
964 973 1147 0
969 1014 1148 0
973 1170 1149 0
973 1206 1150 0
974 975 1151 0
974 976 1152 0
978 1134 1153 0
978 1229 1154 0
978 1238 1155 0
979 980 1156 0
979 981 1157 0
980 1124 1158 0
982 983 1159 0
982 984 1160 0
982 985 1161 0
982 986 1162 0
982 987 1163 0
982 988 1164 0
982 989 1165 0
982 990 1166 0
982 991 1167 0
982 992 1168 0
982 993 1169 0
982 994 1170 0
982 995 1171 0
982 996 1172 0
982 997 1173 0
982 998 1174 0
982 999 1175 0
982 1000 1176 0
982 1001 1177 0
982 1002 1178 0
982 1003 1179 0
982 1004 1180 0
982 1005 1181 0
982 1006 1182 0
982 1007 1183 0
982 1008 1184 0
982 1009 1185 0
982 1010 1186 0
982 1011 1187 0
982 1012 1188 0
982 1013 1189 0
983 1089 1190 0
984 1089 1191 0
997 1223 1192 0
997 1224 1193 0
997 1225 1194 0
997 1226 1195 0
998 1174 1196 0
1003 1134 1197 0
1014 1015 1198 0
1014 1016 1199 0
1014 1017 1200 0
1014 1018 1201 0
1014 1019 1202 0
1014 1020 1203 0
1014 1021 1204 0
1014 1022 1205 0
1014 1023 1206 0
1014 1024 1207 0
1014 1025 1208 0
1014 1026 1209 0
1014 1027 1210 0
1014 1028 1211 0
1014 1029 1212 0
1014 1030 1213 0
1014 1031 1214 0
1014 1032 1215 0
1014 1033 1216 0
1014 1034 1217 0
1014 1035 1218 0
1014 1036 1219 0
1014 1037 1220 0
1014 1038 1221 0
1014 1039 1222 0
1014 1040 1223 0
1014 1041 1224 0
1014 1042 1225 0
1014 1043 1226 0
1014 1044 1227 0
1014 1045 1228 0
1014 1046 1229 0
1014 1047 1230 0
1014 1048 1231 0
1014 1049 1232 0
1014 1050 1233 0
1014 1051 1234 0
1014 1052 1235 0
1014 1053 1236 0
1014 1054 1237 0
1014 1055 1238 0
1014 1056 1239 0
1014 1057 1240 0
1014 1058 1241 0
1031 1089 1242 0
1062 1063 1243 0
1062 1064 1244 0
1062 1065 1245 0
1062 1066 1246 0
1062 1067 1247 0
1062 1068 1248 0
1062 1069 1249 0
1062 1070 1250 0
1062 1071 1251 0
1062 1072 1252 0
1062 1073 1253 0
1062 1074 1254 0
1062 1075 1255 0
1062 1076 1256 0
1062 1077 1257 0
1062 1078 1258 0
1062 1079 1259 0
1062 1080 1260 0
1062 1081 1261 0
1062 1082 1262 0
1062 1083 1263 0
1064 1115 1264 0
1073 1124 1265 0
1073 1134 1266 0
1084 1085 1267 0
1084 1086 1268 0
1084 1087 1269 0
1084 1088 1270 0
1089 1090 1271 0
1089 1091 1272 0
1089 1092 1273 0
1089 1093 1274 0
1089 1094 1275 0
1089 1095 1276 0
1089 1096 1277 0
1089 1097 1278 0
1089 1098 1279 0
1089 1099 1280 0
1089 1100 1281 0
1089 1101 1282 0
1089 1102 1283 0
1089 1103 1284 0
1089 1104 1285 0
1089 1105 1286 0
1089 1106 1287 0
1089 1107 1288 0
1089 1108 1289 0
1105 1585 1290 2
1109 1110 1291 0
1111 1112 1292 0
1111 1113 1293 0
1111 1114 1294 0
1115 1116 1295 0
1121 1122 1296 0
1121 1123 1297 0
1121 1124 1298 0
1121 1125 1299 0
1121 1126 1300 0
1121 1127 1301 0
1121 1128 1302 0
1124 1127 1303 0
1124 1162 1304 0
1124 1163 1305 0
1124 1177 1306 0
1124 1180 1307 0
1124 1181 1308 0
1124 1182 1309 0
1124 1183 1310 0
1124 1184 1311 0
1124 1185 1312 0
1124 1186 1313 0
1124 1187 1314 0
1124 1188 1315 0
1124 1189 1316 0
1124 1190 1317 0
1126 1230 1318 0
1127 1134 1319 0
1127 1191 1320 0
1127 1211 1321 0
1129 1130 1322 0
1130 1243 1323 0
1130 1249 1324 0
1130 1250 1325 0
1131 1132 1326 0
1131 1133 1327 0
1134 1135 1328 0
1134 1136 1329 0
1134 1137 1330 0
1134 1138 1331 0
1134 1139 1332 0
1134 1140 1333 0
1134 1141 1334 0
1134 1142 1335 0
1134 1143 1336 0
1134 1144 1337 0
1134 1145 1338 0
1134 1146 1339 0
1134 1147 1340 0
1134 1148 1341 0
1134 1149 1342 0
1134 1150 1343 0
1134 1151 1344 0
1134 1152 1345 0
1134 1153 1346 0
1134 1154 1347 0
1134 1155 1348 0
1134 1156 1349 0
1134 1157 1350 0
1134 1158 1351 0
1134 1159 1352 0
1134 1160 1353 0
1134 1161 1354 0
1134 1162 1355 0
1134 1163 1356 0
1134 1164 1357 0
1134 1165 1358 0
1138 1218 1359 0
1138 1219 1360 0
1138 1220 1361 0
1141 1230 1362 0
1167 1168 1363 0
1167 1169 1364 0
1170 1171 1365 0
1170 1172 1366 0
1170 1173 1367 0
1170 1174 1368 0
1175 1176 1369 0
1175 1177 1370 0
1178 1179 1371 0
1191 1192 1372 0
1193 1194 1373 0
1193 1195 1374 0
1193 1196 1375 0
1193 1197 1376 0
1193 1198 1377 0
1193 1199 1378 0
1193 1200 1379 0
1193 1201 1380 0
1193 1202 1381 0
1193 1203 1382 0
1204 1205 1383 0
1206 1207 1384 0
1208 1209 1385 0
1208 1210 1386 0
1211 1212 1387 0
1211 1213 1388 0
1214 1215 1389 0
1214 1216 1390 0
1214 1217 1391 0
1227 1228 1392 0
1230 1231 1393 0
1230 1232 1394 0
1230 1233 1395 0
1230 1234 1396 0
1230 1235 1397 0
1230 1236 1398 0
1238 1239 1399 0
1238 1240 1400 0
1240 1244 1401 0
1240 1245 1402 0
1241 1242 1403 0
1245 1246 1404 0
1245 1247 1405 0
1245 1248 1406 0
1251 1252 1407 1
1251 1253 1408 1
1254 1255 1409 1
1254 1256 1410 1
1254 1257 1411 1
1254 1258 1412 1
1254 1259 1413 1
1254 1260 1414 1
1254 1261 1415 1
1254 1262 1416 1
1254 1263 1417 1
1254 1264 1418 1
1254 1265 1419 1
1254 1266 1420 1
1254 1267 1421 1
1254 1268 1422 1
1254 1269 1423 1
1254 1270 1424 1
1254 1271 1425 1
1254 1272 1426 1
1254 1273 1427 1
1254 1274 1428 1
1254 1275 1429 1
1254 1279 1430 1
1276 1277 1431 1
1276 1278 1432 1
1279 1280 1433 1
1279 1281 1434 1
1279 1282 1435 1
1279 1283 1436 1
1279 1284 1437 1
1279 1285 1438 1
1279 1286 1439 1
1279 1287 1440 1
1279 1288 1441 1
1279 1289 1442 1
1279 1290 1443 1
1279 1291 1444 1
1279 1292 1445 1
1279 1293 1446 1
1279 1294 1447 1
1279 1295 1448 1
1279 1296 1449 1
1279 1297 1450 1
1279 1298 1451 1
1279 1299 1452 1
1279 1300 1453 1
1279 1301 1454 1
1279 1302 1455 1
1279 1303 1456 1
1279 1304 1457 1
1279 1305 1458 1
1279 1306 1459 1
1279 1307 1460 1
1279 1308 1461 1
1279 1309 1462 1
1279 1310 1463 1
1279 1311 1464 1
1279 1312 1465 1
1279 1313 1466 1
1279 1314 1467 1
1279 1315 1468 1
1294 1479 1469 2
1304 1316 1470 1
1312 1316 1471 1
1312 1479 1472 2
1316 1317 1473 1
1316 1318 1474 1
1316 1319 1475 1
1316 1320 1476 1
1316 1321 1477 1
1316 1322 1478 1
1316 1323 1479 1
1316 1324 1480 1
1316 1325 1481 1
1316 1326 1482 1
1316 1327 1483 1
1316 1328 1484 1
1316 1329 1485 1
1316 1330 1486 1
1316 1331 1487 1
1316 1332 1488 1
1316 1333 1489 1
1316 1334 1490 1
1316 1335 1491 1
1316 1336 1492 1
1316 1337 1493 1
1316 1338 1494 1
1316 1339 1495 1
1316 1340 1496 1
1316 1341 1497 1
1316 1342 1498 1
1316 1343 1499 1
1316 1344 1500 1
1316 1345 1501 1
1316 1346 1502 1
1316 1347 1503 1
1316 1348 1504 1
1316 1349 1505 1
1316 1350 1506 1
1316 1351 1507 1
1316 1352 1508 1
1316 1353 1509 1
1316 1354 1510 1
1316 1355 1511 1
1316 1356 1512 1
1316 1357 1513 1
1316 1358 1514 1
1316 1359 1515 1
1316 1360 1516 1
1316 1361 1517 1
1316 1362 1518 1
1316 1363 1519 1
1316 1364 1520 1
1316 1365 1521 1
1316 1366 1522 1
1316 1367 1523 1
1316 1368 1524 1
1316 1369 1525 1
1316 1370 1526 1
1316 1371 1527 1
1316 1372 1528 1
1316 1373 1529 1
1316 1374 1530 1
1316 1375 1531 1
1316 1376 1532 1
1316 1377 1533 1
1316 1378 1534 1
1316 1379 1535 1
1316 1380 1536 1
1316 1381 1537 1
1316 1382 1538 1
1316 1383 1539 1
1316 1384 1540 1
1316 1385 1541 1
1316 1386 1542 1
1316 1387 1543 1
1316 1388 1544 1
1316 1389 1545 1
1352 1390 1546 1
1390 1391 1547 1
1390 1392 1548 1
1390 1393 1549 1
1390 1394 1550 1
1390 1395 1551 1
1390 1396 1552 1
1390 1397 1553 1
1390 1398 1554 1
1390 1399 1555 1
1390 1400 1556 1
1390 1401 1557 1
1390 1402 1558 1
1390 1403 1559 1
1390 1404 1560 1
1390 1405 1561 1
1390 1406 1562 1
1390 1407 1563 1
1390 1408 1564 1
1390 1409 1565 1
1390 1410 1566 1
1390 1411 1567 1
1390 1412 1568 1
1390 1413 1569 1
1390 1414 1570 1
1390 1415 1571 1
1390 1416 1572 1
1390 1417 1573 1
1418 1419 1574 2
1420 1421 1575 2
1421 1422 1576 2
1423 1424 1577 2
1425 1426 1578 2
1427 1428 1579 2
1429 1430 1580 2
1430 1468 1581 2
1430 1545 1582 2
1430 1546 1583 2
1430 1547 1584 2
1430 1548 1585 2
1431 1432 1586 2
1433 1434 1587 2
1435 1436 1588 2
1437 1438 1589 2
1437 1439 1590 2
1440 1441 1591 2
1440 1442 1592 2
1442 1563 1593 2
1443 1444 1594 2
1443 1445 1595 2
1443 1446 1596 2
1443 1447 1597 2
1448 1449 1598 2
1451 1452 1599 2
1451 1453 1600 2
1454 1455 1601 2
1454 1456 1602 2
1454 1457 1603 2
1454 1458 1604 2
1454 1459 1605 2
1454 1460 1606 2
1454 1461 1607 2
1454 1462 1608 2
1463 1464 1609 2
1463 1465 1610 2
1466 1467 1611 2
1468 1469 1612 2
1468 1470 1613 2
1468 1471 1614 2
1468 1472 1615 2
1468 1473 1616 2
1468 1474 1617 2
1468 1475 1618 2
1468 1476 1619 2
1468 1477 1620 2
1468 1478 1621 2
1479 1480 1622 2
1479 1481 1623 2
1479 1482 1624 2
1479 1483 1625 2
1479 1484 1626 2
1479 1485 1627 2
1479 1486 1628 2
1479 1487 1629 2
1479 1488 1630 2
1479 1489 1631 2
1479 1490 1632 2
1479 1491 1633 2
1479 1492 1634 2
1479 1493 1635 2
1479 1494 1636 2
1479 1495 1637 2
1479 1496 1638 2
1479 1497 1639 2
1479 1498 1640 2
1479 1499 1641 2
1479 1500 1642 2
1479 1501 1643 2
1479 1502 1644 2
1479 1503 1645 2
1479 1504 1646 2
1479 1505 1647 2
1479 1506 1648 2
1479 1507 1649 2
1479 1508 1650 2
1479 1509 1651 2
1479 1510 1652 2
1479 1511 1653 2
1479 1512 1654 2
1479 1513 1655 2
1479 1514 1656 2
1479 1515 1657 2
1479 1516 1658 2
1479 1517 1659 2
1479 1518 1660 2
1479 1519 1661 2
1479 1520 1662 2
1479 1521 1663 2
1479 1522 1664 2
1479 1523 1665 2
1479 1524 1666 2
1479 1525 1667 2
1479 1526 1668 2
1479 1527 1669 2
1479 1528 1670 2
1479 1529 1671 2
1479 1530 1672 2
1479 1531 1673 2
1479 1532 1674 2
1479 1533 1675 2
1479 1534 1676 2
1479 1535 1677 2
1479 1536 1678 2
1479 1537 1679 2
1479 1538 1680 2
1479 1539 1681 2
1479 1540 1682 2
1479 1541 1683 2
1479 1542 1684 2
1479 1543 1685 2
1479 1544 1686 2
1549 1550 1687 2
1549 1551 1688 2
1549 1552 1689 2
1557 1558 1690 2
1557 1559 1691 2
1557 1560 1692 2
1557 1561 1693 2
1557 1562 1694 2
1563 1564 1695 2
1563 1565 1696 2
1563 1566 1697 2
1567 1568 1698 2
1567 1569 1699 2
1567 1570 1700 2
1567 1571 1701 2
1572 1573 1702 2
1574 1575 1703 2
1574 1576 1704 2
1574 1577 1705 2
1578 1579 1706 2
1578 1580 1707 2
1578 1581 1708 2
1578 1582 1709 2
1578 1583 1710 2
1578 1584 1711 2
1585 1586 1712 2
1587 1588 1713 2
